1024
349 778
151 843
249 699
32 589
723 978
113 197
19 457
327 435
159 430
214 721
431 526
642 813
496 965
892 917
765 774
65 743
145 548
221 594
344 702
508 559
333 399
184 1021
491 976
366 572
379 588
730 833
781 936
692 736
751 871
282 658
205 522
265 299
321 609
242 320
312 849
224 777
761 780
348 537
385 529
621 885
297 805
128 314
639 755
421 606
441 1004
384 922
873 907
156 319
45 317
84 812
392 499
283 745
545 856
222 236
617 950
303 645
305 803
117 148
709 860
269 676
54 273
616 784
255 742
57 263
109 482
390 847
110 555
809 914
5 155
180 652
481 779
566 567
231 783
345 910
342 386
67 782
100 932
689 793
275 646
883 901
41 203
506 1018
40 207
484 1022
605 968
220 925
43 359
10 371
700 744
127 418
357 564
675 806
615 654
163 630
341 584
237 1015
135 419
196 930
579 828
326 918
16 230
436 946
381 1009
726 868
243 975
216 791
520 830
549 665
103 426
517 876
116 234
174 624
325 427
7 346
307 504
592 995
358 443
406 773
763 964
14 351
480 880
309 935
78 900
150 629
204 417
551 937
683 959
428 944
149 874
407 502
293 845
172 291
198 662
632 840
518 576
762 981
659 747
294 933
343 957
101 838
627 734
739 996
96 507
143 802
79 776
278 714
766 823
200 225
468 740
157 634
287 988
703 852
120 732
71 644
181 660
600 750
668 835
75 829
678 998
28 453
376 577
3 318
97 872
61 625
88 511
83 822
95 708
44 438
267 612
195 984
638 992
563 575
570 687
119 568
194 846
531 1016
176 270
604 851
189 836
4 354
33 465
728 870
671 855
368 593
396 729
244 540
296 444
48 170
679 997
24 393
104 335
160 972
52 727
74 985
69 408
664 720
394 903
90 365
233 853
400 479
530 969
974 1008
404 534
240 503
377 894
505 704
99 467
956 1014
292 735
864 960
76 587
657 915
544 718
253 710
515 653
315 948
423 839
397 521
247 825
94 1005
738 749
952 1002
228 690
437 455
362 586
133 819
158 670
338 983
85 478
62 691
129 337
403 896
383 610
23 556
352 395
210 908
382 459
456 760
533 607
725 898
582 685
490 693
963 994
175 909
613 919
387 717
599 815
77 425
26 266
500 832
281 573
374 650
452 770
477 1011
501 677
993 1000
313 939
756 816
153 332
130 746
487 546
171 951
547 927
661 1007
50 528
29 887
66 895
869 1010
39 701
6 817
137 429
667 911
63 229
152 772
9 218
476 536
58 401
674 697
673 748
516 733
17 524
8 581
448 608
15 20
591 831
288 598
22 302
561 943
796 818
473 942
123 192
114 602
169 262
215 752
280 620
412 980
300 961
93 462
442 471
543 688
274 865
257 350
102 861
814 821
38 953
118 488
460 461
595 698
70 824
12 905
111 208
550 637
413 857
126 754
55 694
260 284
769 926
339 626
60 106
363 929
753 786
46 902
235 415
27 268
190 826
538 999
121 409
219 800
328 808
539 970
458 788
188 532
124 1003
486 719
82 144
324 635
122 489
906 921
580 891
47 470
391 966
680 758
329 523
562 866
264 655
574 920
139 977
367 445
125 138
238 411
239 603
494 628
173 571
2 154
492 741
433 596
177 211
147 298
757 789
954 955
705 886
42 179
164 618
167 979
557 681
25 495
696 764
162 1017
420 941
290 686
251 295
472 541
474 923
112 258
306 842
510 811
560 931
142 706
450 454
361 982
202 899
254 601
13 804
666 792
656 893
322 410
859 863
663 897
134 614
286 311
636 1020
201 767
316 483
185 398
289 331
795 841
519 713
641 889
248 347
279 402
928 962
388 432
107 649
212 712
191 643
850 945
31 651
542 912
227 884
513 1019
336 881
72 475
623 878
161 837
272 364
301 882
182 987
466 552
80 585
648 844
514 820
716 771
558 1012
37 797
463 794
890 967
91 131
330 1013
213 469
958 1023
53 877
447 583
140 669
11 132
310 372
854 862
947 990
323 991
590 737
633 790
217 879
35 535
165 867
449 724
108 183
232 611
512 597
353 904
647 973
68 380
373 711
378 695
51 256
34 252
775 888
18 89
334 986
92 715
787 940
178 858
246 527
187 619
168 360
451 682
250 509
440 827
206 875
498 938
30 446
241 916
578 848
485 554
0 261
271 369
81 989
136 924
259 553
285 464
146 801
414 949
525 722
308 497
73 493
277 934
405 640
115 1001
785 799
245 707
59 684
98 913
87 355
226 356
105 193
186 439
622 810
166 731
672 798
64 375
424 569
759 807
86 434
141 422
56 304
209 389
416 971
1 223
21 565
199 276
631 834
370 768
340 1006
36 49
EOF
