2048
742 1794
778 1252
734 1598
59 1256
1407 1773
1725 1812
1496 2005
268 1839
994 1899
232 1005
848 1834
95 909
131 539
649 1356
25 1460
1406 1803
1089 1593
1196 1545
1173 1506
464 2040
1393 1995
701 1824
1080 1088
1437 1463
199 1290
901 1382
517 1525
720 1006
1391 1420
804 1343
311 1767
1170 1742
1287 1886
23 114
1354 1978
331 1061
985 1799
1043 1808
349 1850
159 1596
673 1036
507 695
107 586
471 1076
1171 1370
803 855
497 1748
169 975
945 1716
954 1226
189 1847
953 1067
255 671
1069 1610
38 1412
222 864
77 884
1188 1206
0 1791
200 1717
1311 1341
653 1386
1105 1942
445 1222
1432 1470
736 987
785 1809
120 1787
482 1858
717 988
1228 1683
1315 1360
1031 1578
789 1450
984 1581
215 251
1459 1678
5 483
746 774
1404 1848
633 1776
1152 1210
820 1563
101 237
364 2002
313 1094
1606 1843
1617 1660
241 903
560 1364
415 432
273 1921
478 872
1021 1865
423 1759
752 1619
243 1707
104 925
1433 1904
1325 1522
281 1750
1013 2027
1029 1495
1138 1330
305 1127
10 1201
111 1679
972 1258
1331 1926
1098 1154
400 1792
1318 1586
393 1676
294 1883
236 874
1378 1515
1395 2038
725 1150
869 2041
948 1408
1605 1765
564 617
777 904
664 1039
308 1881
320 941
1401 1634
1185 1745
679 1974
1270 1641
712 2018
1666 1726
1284 1482
459 499
481 1467
662 1682
795 1618
306 1582
1533 1675
409 1175
1269 1643
743 1505
266 1688
816 1817
1123 1320
1344 1374
1585 1695
968 1604
1793 2014
655 1254
983 2032
31 1945
247 1233
58 887
125 342
134 1611
468 619
1820 1906
379 667
587 1650
347 2036
147 1670
693 1913
485 1838
75 1296
849 1986
242 1082
1493 1644
1353 1813
534 1823
1355 1570
565 926
1231 1934
1963 1967
683 1708
1627 1702
112 912
928 1002
1690 1954
748 1339
32 130
599 1854
489 1526
1075 1948
542 1558
1753 1764
886 1599
1451 1893
1336 1855
470 1489
1819 1952
462 707
426 1100
179 1710
418 449
1264 1862
290 919
96 1053
678 1384
321 640
391 1464
14 622
814 1158
380 1806
94 376
799 1508
128 1984
1555 1579
749 1687
1227 2030
1388 1447
181 890
1827 2022
791 1319
455 548
170 1309
1274 2042
397 1047
1366 1383
227 1017
556 876
536 1721
834 835
738 913
551 1971
1362 1602
1211 1452
1696 1977
22 287
878 1752
606 1140
1600 1681
614 1626
98 1801
819 977
288 993
648 1414
721 1928
62 1340
965 1334
1155 1317
113 1262
762 1736
495 826
209 1348
248 428
1418 1428
19 1673
171 545
1693 1811
554 1863
271 1115
533 1439
1914 2013
1145 1749
187 2034
399 1875
61 1213
870 1960
97 228
146 194
472 661
188 1512
603 1556
687 1091
1040 1205
1085 1731
842 1162
45 1046
323 1872
16 1468
1777 2003
172 1709
126 1613
201 1957
963 1373
295 780
813 1923
239 1685
761 1192
1041 1078
82 1867
427 1297
596 1485
373 1071
806 1524
395 1789
817 1927
1026 1842
33 1549
388 1554
118 344
13 1620
1101 1694
1516 1542
244 843
582 952
588 1153
1453 1869
401 448
516 615
704 1779
327 544
512 1951
155 1631
1301 1571
1574 1887
208 822
192 1968
284 708
566 1686
939 1399
366 1018
1933 1981
291 666
812 1828
202 557
914 1411
943 1292
1830 1961
880 1723
439 1658
1056 1663
911 1239
12 490
710 906
637 1922
798 1268
387 1052
969 1419
1302 1359
891 1054
1446 1647
319 511
1841 1964
238 821
410 1615
577 768
221 1912
54 219
1523 1936
87 1770
1203 1762
628 1804
108 1669
770 1649
1425 1638
442 2024
1104 1176
660 1825
402 866
1410 1527
275 1552
1106 1194
35 1535
715 1920
502 1573
422 1351
484 540
1768 1769
441 1487
123 1097
663 1503
186 702
807 1133
135 714
630 1623
1118 1195
1417 1466
122 144
325 1001
1651 2033
815 847
1737 1868
537 1836
1174 1180
1139 1901
249 1645
779 1178
689 1652
1110 1272
1081 1547
1536 1979
21 1603
433 1392
520 719
246 1664
657 888
469 585
498 1149
368 1993
730 1321
356 1051
1551 1562
668 1557
514 1972
68 1313
140 781
405 1918
519 1991
429 1705
127 1925
177 473
543 841
589 1732
1316 2028
57 1907
280 931
706 1483
1566 1607
563 723
461 1350
600 1998
877 1735
555 1132
1513 2031
223 760
1250 1276
353 430
51 674
1733 1800
500 1415
318 595
132 1629
1741 1856
310 383
435 1659
3 1891
1472 1831
1246 1434
149 1871
784 1469
1285 1677
1189 2045
333 1458
453 873
800 1668
283 973
1403 1943
645 894
20 27
398 1878
29 1870
716 1288
1095 1427
362 1247
541 1497
895 921
1492 1949
966 1266
713 1390
1462 2016
1747 2044
625 1289
1757 2039
898 1073
1209 1409
408 480
818 1609
345 574
763 1885
1199 1438
178 573
18 1387
317 521
1587 1744
224 307
802 951
279 1328
138 1389
1473 1970
204 1033
635 1874
43 1633
740 1975
709 1038
117 1946
856 1976
136 621
889 1307
1 581
322 1020
1295 1499
1481 1521
750 2007
63 257
337 1060
1281 1282
853 1030
732 1761
24 1539
652 986
1560 1992
270 392
1116 1988
440 1273
980 2035
956 1730
1445 1911
933 1278
1815 1822
100 1917
443 991
259 1484
850 883
1208 1624
44 1358
960 1015
355 1114
1322 1576
293 685
1216 1937
851 1377
1121 1810
352 524
1486 1939
1333 1902
365 1861
979 1471
382 457
476 1476
526 1786
403 450
389 1713
503 1719
703 1223
300 1589
205 226
156 1935
1357 2017
997 1326
11 1225
1575 1796
1093 2046
83 1782
756 976
638 1244
1007 1915
1884 1916
1164 1852
569 1003
363 1597
1049 1987
579 823
454 1577
258 1182
105 1087
875 1714
995 1125
70 1045
726 825
1454 1890
354 1674
245 955
1096 1500
656 962
26 1479
37 1442
444 796
207 1232
688 767
1304 1941
386 559
571 1172
510 584
1022 1323
744 788
381 1086
452 924
918 1564
811 1703
793 1969
610 881
374 999
274 1255
1265 1546
505 1889
206 1653
602 1873
525 1235
964 2012
420 854
309 1879
324 1720
1072 1900
30 375
950 1137
286 2026
1179 1449
1217 1698
711 1876
677 1122
575 1286
99 1305
211 917
358 1640
139 494
597 1996
1119 1498
203 1057
775 1805
611 844
845 1324
1312 2009
607 808
52 978
267 833
1474 1662
465 1385
1394 1591
1280 1592
404 1973
675 857
771 1680
1177 1229
1859 1982
168 1084
929 1528
682 1134
332 1580
384 1616
828 1034
1538 1594
1000 1426
161 174
371 840
558 764
773 1697
705 1851
646 1543
998 1684
658 1129
916 1997
1314 1514
1055 1146
396 438
60 289
591 1958
627 1766
1892 2019
180 2047
411 528
234 1028
151 217
1234 1441
67 124
1048 1376
195 254
681 1691
197 390
1042 1797
605 827
644 751
1190 1739
315 330
451 1431
73 81
970 1866
896 1291
1261 1502
735 1529
343 1215
1510 2010
486 1672
1248 1711
1814 1829
1197 1595
1465 1846
1507 1849
860 949
1345 1532
220 618
861 1224
1024 1156
417 718
36 852
2 1517
357 974
801 1346
34 1568
1372 1423
40 859
836 1237
642 1798
28 1648
532 1099
1193 1715
1151 1267
466 699
1144 2011
626 1117
212 757
1249 1959
690 1588
790 1931
839 1654
783 1236
176 538
370 527
301 885
1402 1990
824 1397
1544 2020
552 982
65 436
142 1729
72 561
285 892
351 837
41 1380
261 722
55 463
670 1628
1107 1347
1010 1655
1186 1519
92 1066
233 456
163 868
213 1275
1583 1853
580 612
810 1245
49 367
829 1277
809 1504
106 639
296 1601
684 1826
1310 1657
1064 1103
141 518
1857 1956
394 882
1027 1727
654 1238
162 737
350 797
1141 1548
64 568
406 971
871 1421
46 145
531 1760
297 1337
550 915
302 1882
191 1218
193 1298
549 2043
360 446
893 1860
1166 1279
696 1692
80 1424
492 1349
143 944
1718 1898
1120 1924
691 697
1219 1332
1059 1840
240 598
583 1781
1019 1142
1443 1807
4 1494
79 698
938 1444
613 1436
116 1299
1070 2000
754 1699
339 1050
1004 1375
1113 1584
276 1220
546 629
831 1306
196 631
173 1079
129 1379
88 1785
256 2029
340 1905
74 413
214 1025
185 385
76 1207
1400 1845
846 1448
1065 1143
1368 1565
535 1271
103 776
479 1352
154 1639
39 458
1109 1509
166 1940
1058 1880
148 1480
794 1251
940 1756
858 1953
1700 1897
133 1980
604 1456
90 1202
165 1772
692 2037
183 501
235 1204
253 1778
553 1257
460 934
474 1259
608 1642
1416 1567
424 1371
1396 1919
1012 1929
264 1985
1477 1636
907 1751
1135 1818
1063 1740
263 412
447 1422
1009 1260
865 1755
372 1381
1131 1621
782 920
832 1488
958 1077
1130 1754
830 2021
620 1701
1518 1553
547 989
650 1537
947 1191
1074 1187
6 85
741 1738
50 1490
336 786
15 787
578 594
71 905
753 1665
1534 1689
419 1758
110 265
1035 1361
361 431
747 1102
724 1835
665 733
269 923
1212 1833
634 1837
225 996
508 1561
1608 1909
278 1966
115 937
1198 1944
164 231
1092 1136
1365 1440
346 694
47 1242
167 1008
150 1832
1083 1910
493 2006
1126 1783
506 728
160 1367
1625 1821
304 739
1011 1572
504 1429
437 1181
292 1784
175 1491
303 936
1530 1950
477 1671
496 1896
700 1938
686 1540
922 930
260 1014
1240 1743
1327 1903
153 1128
210 1303
766 792
643 669
338 609
651 1200
53 1363
593 1704
328 680
1300 1816
942 1788
298 1338
86 946
488 1908
414 1590
316 838
1724 1775
158 229
93 1774
562 1461
329 2015
17 641
862 1722
262 2025
745 1112
56 1161
515 863
1342 1965
513 523
1329 1430
636 1457
1230 1667
341 2008
1955 1962
48 1888
1016 1630
1455 1895
109 659
157 434
570 772
765 1844
137 1294
9 2023
216 1157
879 1090
69 326
932 1167
729 1168
314 1646
1023 1614
282 1780
592 623
1559 1728
84 1999
152 900
1068 1932
1163 1763
530 1398
78 1214
1111 1253
902 1989
250 992
961 1520
1632 1771
66 1983
1108 2004
421 522
334 647
805 1994
299 1405
198 1612
867 1148
1335 1531
1435 1569
491 935
529 1283
359 981
727 1511
759 1124
312 1369
487 1790
348 1635
1501 2001
369 509
899 1541
377 1183
407 1746
467 957
182 1864
335 1795
601 1032
89 475
1147 1413
1044 1478
967 1706
218 1475
121 277
230 378
8 1661
632 1243
1221 1263
590 1550
616 1622
624 1894
42 910
190 1184
425 1637
1062 1308
672 1160
1802 1877
567 576
272 416
91 908
7 1930
758 990
755 1947
731 1734
184 676
1293 1656
959 1159
897 1712
572 1165
769 1169
102 1037
927 1241
119 252
EOF
