256
25 237
64 143
220 238
32 118
36 210
123 176
141 150
85 161
205 244
119 167
198 225
137 250
114 232
122 153
43 211
132 249
71 126
68 218
186 251
77 227
154 233
142 185
66 78
19 129
84 219
67 80
96 100
21 172
40 44
72 121
47 229
63 236
16 139
108 138
163 187
15 146
65 149
135 206
5 254
134 207
1 177
104 125
148 160
202 204
79 234
81 189
98 171
9 193
128 157
56 166
45 194
8 224
168 255
10 245
31 183
52 201
20 74
107 173
91 145
151 214
158 180
116 200
33 106
6 239
24 175
50 164
14 203
11 170
4 208
51 59
3 240
41 178
37 62
127 196
34 165
61 130
82 222
105 247
53 195
199 248
35 242
54 95
30 209
12 101
215 252
124 133
27 75
230 246
42 92
111 243
49 231
18 140
182 228
28 156
147 226
2 190
57 241
97 253
89 152
216 235
109 181
39 102
55 197
136 184
83 179
120 159
113 117
86 212
73 93
23 88
87 174
155 192
7 115
94 217
29 60
46 110
69 90
70 99
76 223
0 221
17 58
38 188
131 144
48 191
162 213
103 169
13 112
22 26
EOF
