4096
3386 3512
1676 3762
1880 3681
3494 3904
2116 3256
1481 2797
121 3876
597 1815
40 3162
2948 3313
2127 3884
287 349
1294 1390
1653 4048
678 3180
253 1788
1620 3128
153 2722
2646 3810
625 3728
239 2373
2609 4045
2947 4058
2729 3304
2150 3625
1221 4031
1662 1734
2819 3671
2292 2902
1257 3623
2992 3079
1297 3778
32 1424
1156 3436
2191 3745
2533 3833
610 2909
1678 1854
852 2676
2264 3700
2596 3285
2571 2713
1840 2906
1434 3708
3263 3391
1683 2703
820 3239
1251 3687
155 353
1393 2243
1625 3035
3010 3099
526 3692
2175 2261
892 1180
390 2140
1304 2314
1425 2185
2667 3184
97 670
117 3755
2270 3357
1081 2489
1010 3511
1273 3266
1778 3063
465 2123
254 3091
1568 3561
1089 2644
1493 2138
202 522
2755 3205
528 3997
1254 1899
2423 3125
21 1919
995 1433
3169 3426
2399 2466
3037 3814
2664 3998
2262 2828
2527 3600
985 1483
1200 1264
2841 3351
3048 3482
2436 2865
593 3047
1602 2209
1046 3153
447 1389
2200 2483
815 3531
1538 3340
417 1938
626 3050
1818 3563
348 1759
266 394
1820 3831
557 2037
916 1913
333 1580
2260 2913
1727 2529
2230 2404
1695 3368
1125 3775
2144 2517
1822 2747
1894 2977
2103 4036
1792 3171
701 3575
621 2180
546 2086
1975 3085
556 3057
2221 3758
506 2295
913 3015
1969 2044
139 3253
681 2428
1591 4022
511 2617
1766 3725
475 521
1596 2491
173 1247
668 2282
509 1609
1321 1624
1274 1315
119 2118
628 3474
623 3445
1844 2586
211 3934
1329 3914
940 1229
800 3608
2145 3259
8 536
1524 2410
295 3846
195 1835
2112 2530
1356 2498
1991 3981
1479 3458
1657 2090
3191 3696
2682 3694
585 3378
613 2233
2031 2820
1985 3383
1982 2958
662 3856
1429 3235
391 3559
2777 2951
1807 2772
1023 1709
1746 4015
1494 2406
200 2987
1964 3975
1215 3290
388 2880
739 3877
106 3161
2555 2813
3459 3569
1364 3167
2507 2884
551 2879
375 2501
857 2770
2424 2583
233 3410
2337 2557
844 3381
2125 2250
80 4044
538 2963
805 2385
82 1217
921 3555
1092 3753
3192 3798
2613 4016
377 1992
2401 3654
1431 2740
1799 2660
201 2213
102 3916
1521 1962
813 1866
107 3911
1419 2387
1148 1716
411 515
448 2459
764 1281
658 830
1147 3507
406 707
1384 1849
773 3103
268 2807
831 1473
124 3271
267 1350
451 1774
657 1456
1476 1887
1169 1713
559 3807
236 930
1093 3464
2698 2749
1077 2271
2342 3471
1764 2324
530 1227
279 1459
2141 2558
302 1876
132 2237
1882 2934
81 1070
1234 2572
2721 3135
469 1129
2579 3546
3028 3649
587 1403
1888 2643
386 2065
2965 3941
945 2329
672 3650
1729 2519
785 3651
1132 2508
1972 2597
191 2099
4 3803
2168 3883
1341 2910
784 3065
2 282
1270 2258
1164 2810
3202 3943
1638 1773
2976 3959
992 2756
2396 3955
214 1312
761 3485
2515 2656
328 1406
424 1858
583 3305
667 3923
2633 3429
1310 2033
990 2892
2383 3797
1501 3236
1611 3014
1222 3574
2137 3361
1151 1283
1519 3149
989 1612
2181 2854
71 1552
640 3301
11 3086
2272 2904
22 46
829 3219
1965 2657
3335 3367
2334 3647
1869 2574
385 3771
3113 3122
368 2580
149 3989
3227 3915
2120 3231
596 1679
1794 3905
2888 3978
1704 1847
853 4039
3699 3907
42 3362
605 2219
926 1769
48 2131
1056 3590
96 3664
1345 3294
1714 3433
436 922
2969 3953
1454 3025
3484 3920
1058 1118
1745 2388
180 1348
2386 3422
2941 3440
36 1006
949 3999
1922 3108
542 1337
2435 2773
832 2403
939 2692
3224 3611
2762 3288
2942 3339
856 2759
319 2871
634 3657
318 630
1258 2790
1105 2556
3583 3842
936 1334
115 3334
3336 3412
2614 3018
1226 3354
2220 2750
12 2081
3158 3322
258 3207
1577 2110
1340 1996
603 3370
2298 2549
1770 2441
2548 3764
219 3581
235 1097
1367 2061
2211 2635
28 1554
960 1933
410 1645
2843 4023
131 3677
1109 3444
371 2089
973 1228
817 1628
316 1540
3124 3129
145 485
2152 2390
126 4050
2967 3994
1660 3139
1219 1239
545 2363
1181 1696
278 1663
2610 3992
369 1174
3019 3901
2197 3118
484 3851
2241 3154
642 2917
310 437
172 1898
1570 3516
335 3960
320 660
2229 4066
284 1516
3094 3178
341 2177
525 3450
290 2835
270 1490
1932 2028
496 3143
2075 3829
1175 3052
3374 4014
57 3187
1948 2309
2361 4063
2173 3173
529 3168
1723 3337
3470 4007
138 2317
1666 2645
981 3004
540 569
65 3049
357 3669
3040 4061
996 2935
674 3284
1309 2612
1817 2155
2471 3739
2286 3210
957 1241
230 726
322 684
1597 3013
2247 2651
3390 3900
1594 1839
2798 3017
766 4025
775 2430
1585 3133
1500 1765
45 1907
2689 3046
3438 3542
305 762
1220 2636
292 2907
1782 2188
1018 1039
1045 3359
367 1772
987 3510
2480 3643
2443 3632
3145 3637
1720 3026
1743 2959
1555 3245
1707 2183
565 859
223 2376
1141 2603
20 3382
1162 3666
1199 2452
1113 3303
1253 2531
3881 4067
1737 3913
1072 1976
967 2095
38 1912
58 404
165 1890
631 2933
767 1530
1029 2335
3114 3373
1909 4077
164 240
1049 1054
925 1505
1160 1394
927 3839
1810 2955
952 1313
120 1042
941 1400
114 558
747 3639
2027 3528
612 1816
1127 1633
1292 2455
1993 2005
915 3571
2836 3372
2340 3834
363 655
721 789
1025 1035
2043 2872
2021 3761
1715 3255
2328 3462
256 1327
3196 3350
1024 2896
811 1588
1349 1781
299 3441
704 1522
2766 3190
1138 2669
455 3964
2567 3628
364 3371
908 2778
2113 3540
2042 2783
2726 2834
977 2539
1756 3899
2046 2874
2652 3813
2712 3930
1466 2598
2199 3206
3222 3525
204 3591
1134 1201
1111 2482
1290 2172
1197 1675
2070 2345
866 3163
1405 2057
474 3045
471 746
1626 2461
1945 2870
1275 3254
228 2582
2845 3475
1864 2364
2504 2601
2276 2405
2034 2771
1510 1752
142 2121
993 2464
1300 1470
431 3622
466 2000
1636 2812
2875 3071
444 3624
1268 1539
563 679
409 2014
215 3077
1116 1873
1096 3806
1407 1851
1693 3857
1064 1541
3431 3982
779 4043
1465 3075
51 1684
1583 1957
2293 2302
3307 3726
69 2684
2914 3723
843 2256
1282 1286
1182 2704
1326 2938
3159 3363
2630 2675
492 1937
1057 1783
2449 3983
1184 2381
2509 2575
175 3216
792 2136
734 3327
59 1740
2868 3787
1944 2025
1287 2411
2448 3942
2319 3970
1706 3104
1870 3407
137 3291
187 796
877 1901
3302 3656
3508 3535
2255 3333
1163 2201
374 2259
2234 3102
1073 2754
636 1897
2627 3325
1751 3730
544 975
609 3929
1015 3238
188 4017
2850 3541
159 1071
414 1146
1641 2251
1191 1360
1687 3862
418 3074
340 2673
2156 3042
67 988
1916 2416
903 2301
659 754
2469 3176
413 2822
1206 2296
763 1203
1824 2559
2811 3927
919 3592
1829 3428
1189 3503
2983 4057
1614 2725
44 1183
839 2654
384 2369
1457 3615
1952 3140
2927 3416
2743 2761
237 3465
549 1698
2730 3861
1761 2059
2336 3685
1028 2484
1055 1475
2591 3718
2304 2748
1082 3954
576 3443
262 2357
928 1428
1627 3788
1739 3260
405 4018
1303 2982
2479 3356
727 2214
463 639
1961 3060
2481 2734
974 1513
1245 3078
271 2809
162 446
3879 4095
2312 2815
2073 2426
1166 2413
66 227
703 1512
825 1986
2847 4086
2829 2973
425 504
3392 4019
1468 2686
850 2894
968 1690
108 1030
620 3741
1076 1800
757 3312
1019 2402
72 481
931 1668
2202 2724
1088 1342
213 3316
1343 2741
300 3926
3265 3966
4083 4094
647 2421
1908 2765
329 3727
27 307
1255 2346
1546 2327
1243 1480
99 578
178 2639
91 2093
403 1196
616 1383
1037 1041
283 2618
693 3242
2020 2050
3556 3931
1190 3917
1316 3437
2496 2705
760 1461
685 1361
2038 2246
94 1091
1999 2551
78 2473
1362 2925
432 1402
1767 3947
286 2349
441 1397
1923 2628
3208 3805
665 3449
1086 3641
615 1601
2068 3823
2494 4020
848 2115
1117 4053
2030 3101
443 2146
116 3886
2898 3752
2463 3300
1496 3258
87 3776
144 1498
802 3957
1528 1987
1567 2785
519 3987
397 882
2432 3246
1317 1918
966 2444
250 1333
1549 3864
2132 2899
869 1808
263 2063
2716 3417
161 1877
1495 2161
1578 2238
1354 3544
360 1619
1451 3962
2516 3442
1194 2102
35 2922
439 3248
477 1263
351 911
826 1357
618 1137
3627 3885
1366 1563
531 3379
2838 3100
1078 2060
1318 1629
1159 2830
1654 4000
1900 2012
2996 3815
1347 1812
543 3220
2407 2671
1106 2536
2964 3156
2842 3401
2916 4052
1017 3243
136 2563
570 2877
2008 3967
1003 3609
1168 3709
1725 2565
2053 3131
1904 3064
2535 3773
3267 4065
491 2242
897 3185
1020 1322
25 1277
88 3413
2542 3347
2752 2827
2537 2687
2616 3345
2080 3973
490 2791
269 835
2626 3830
1090 1324
1732 2991
2370 3502
2514 3364
399 2641
1673 2919
1647 3292
241 2472
196 983
1790 3141
982 1736
1689 3950
85 1095
649 794
2663 2753
567 4026
1301 3594
1131 2943
1744 2972
2083 3495
2661 3695
2126 4041
627 2864
750 3948
961 2378
1449 1861
2135 2786
43 1154
9 3463
495 689
2939 3673
2004 2931
1179 3031
1230 2624
909 1305
1396 3448
1271 3550
768 3188
1492 3963
1306 1418
421 1280
1369 1831
2900 3126
758 1152
571 2067
607 2685
867 1955
459 2422
210 1659
3424 3481
68 717
440 1892
53 304
702 1515
54 3722
2697 3713
1905 3501
2409 3411
2400 3090
2457 2668
1712 2257
2595 2878
419 2732
2360 2562
18 724
2920 3318
192 972
875 3812
1797 2010
2679 3293
3477 3724
1374 3008
19 2321
133 2615
339 2351
1686 3252
2936 3551
600 2528
3137 3504
735 2818
1430 2133
1022 3789
243 3691
907 3653
651 2194
3456 3996
1224 3295
840 3564
1762 3940
1553 1786
673 1246
777 3223
221 1170
2394 2846
1617 2058
1902 3547
890 979
3658 3928
683 2460
486 1649
2546 2808
2855 3273
1650 1726
849 1928
663 2163
677 821
1414 2541
861 2767
934 2331
10 2866
468 2316
1436 3991
2946 3204
2389 2758
932 3875
795 1661
76 3003
3509 4034
1075 2367
1642 2226
3483 3770
1102 2130
264 1087
2326 2425
910 3796
2066 3642
1623 3756
2205 2886
452 2538
1149 1590
398 1708
1378 3720
2278 3021
171 1210
2592 3030
3270 3636
2688 3027
553 3024
2162 4033
1499 2158
740 3058
984 2488
416 2325
1259 3560
1040 3451
2232 3735
1104 1606
1514 1680
77 2825
780 1126
2957 3348
435 1311
737 2787
1410 3701
401 888
2653 4002
1144 3419
1915 3186
272 899
1881 3132
2358 3821
1370 2978
705 3659
2153 3033
2912 3533
100 914
648 891
943 3845
1784 4004
185 3784
738 2157
1443 3069
3476 3826
965 2353
778 2587
502 1474
163 3257
3164 3869
507 964
906 1651
1447 1452
41 3596
962 2513
315 1014
1302 1656
706 2051
288 686
998 4051
2398 2960
1404 3446
0 1998
370 2434
2365 3612
1128 3937
2544 2869
793 1710
358 1931
303 1543
1155 2445
1084 1771
1780 2962
1038 2265
599 3488
2082 2122
1359 3155
3314 3738
688 2078
1178 3524
577 1681
1587 2215
1375 3095
1269 3497
2629 3599
216 3160
637 2036
1012 2231
457 2198
2279 2858
275 1699
1388 2691
362 1527
1413 3781
1133 3279
601 3638
917 3369
47 1140
407 1586
4030 4072
901 1598
445 3961
3321 3860
516 731
2218 3092
1308 3693
2497 3498
2062 3432
393 2236
1497 2993
2437 3675
1204 2338
1145 2599
420 3795
203 720
1381 3995
1672 3229
765 1489
3197 3473
2923 4092
2275 3400
2356 2561
3652 3769
1747 2026
541 2560
39 1101
2203 2985
669 3096
537 2852
608 1639
2465 3211
225 1157
3172 3938
1608 2789
3089 3403
1063 2971
1834 2665
1980 3105
787 1917
1551 3521
2029 2182
1208 1252
1874 2280
3181 4084
3844 4012
970 3589
1355 2801
365 3765
1363 1804
1395 3421
380 3731
336 2806
327 3251
402 1036
723 2564
246 356
1278 3329
2470 4088
2184 3607
52 3866
1891 3038
2267 3286
598 2124
2216 2297
3054 3084
2379 3939
555 3150
70 1828
837 2781
3740 4068
30 3393
1920 3244
2414 3198
1560 3415
1080 3376
3002 3729
2377 3951
2764 3115
186 2751
752 2009
3081 3979
2366 3518
999 4081
331 786
1670 3819
595 2323
226 1605
1930 2249
772 1741
512 1718
1556 3142
1135 3816
2492 3889
3565 3912
534 1346
1398 2208
1218 1373
7 951
2940 3460
1836 2649
978 1435
2393 3001
166 3828
2139 2889
2268 3921
259 1655
29 2887
1537 2128
1416 1652
24 498
1640 3427
855 1886
56 1677
479 2016
895 2315
392 2520
719 2451
584 1949
37 2308
733 3667
1192 3151
1060 2228
1803 1884
1444 1755
854 2040
2600 3855
514 1291
2096 3193
2098 4001
675 770
1719 3613
31 2084
1750 3467
527 933
886 1399
194 645
1934 2039
1607 3621
157 776
948 3281
2352 3280
579 1307
2055 2420
2458 2719
3384 3880
622 3537
1592 3689
3748 3811
1966 2500
3588 3662
1925 4035
532 646
518 3878
118 624
771 1721
86 2512
3423 3790
255 1177
3399 4082
1722 2143
2997 3679
60 2169
1462 2429
1432 2467
412 3792
1242 2154
759 3119
2608 3670
918 1256
1440 3840
575 1339
1249 3562
2174 3395
994 2431
3593 3925
508 4071
3576 3705
2589 3117
893 938
3023 3228
748 3264
606 1171
687 2041
197 1427
744 969
109 2193
1021 3199
260 461
1967 2100
1589 2737
3308 3620
1150 1209
1777 2222
312 2525
2235 2695
265 3377
572 1593
1441 1910
1491 1852
2196 3716
1314 1697
245 935
3 209
280 3506
1730 3888
1115 1532
1509 2545
524 3233
959 2306
1372 2659
1814 1951
590 1634
501 3579
92 3644
2975 4062
709 1811
1954 3918
1959 3933
2861 3182
2003 3276
1289 3522
1121 1511
2085 3170
462 568
713 3430
3283 3974
220 661
3209 3568
1032 1047
2475 3804
389 533
2995 3397
1669 1889
2640 3909
1103 2932
836 3897
234 711
1052 2322
3043 3870
1426 3093
1941 2022
2523 3505
654 3919
354 2454
2348 2714
2821 2924
130 898
1548 3353
728 3847
249 1631
332 3183
1065 3843
2253 4091
2799 3802
2895 3000
422 902
2505 2882
2171 3195
2212 2284
1557 3468
1033 1186
17 880
1260 3277
3394 3906
73 2930
2634 2881
4003 4064
1506 3009
1276 1768
1728 4011
1559 3179
694 956
257 1319
1409 3080
218 1711
845 3686
782 1621
298 1579
1477 3712
1235 3112
6 690
2035 3754
3549 3682
1926 2167
478 4075
1569 3237
798 2438
1787 3598
330 1939
84 3678
1328 2107
1043 1688
112 1542
3213 3852
635 3489
2300 4040
1561 3848
3711 3750
3309 3601
1237 2678
1344 1963
1225 1632
3513 3749
896 2408
1422 2710
2245 2650
870 2893
554 2998
1085 2793
1053 1112
1142 3479
1083 2986
1775 3892
143 1921
963 1067
2453 3702
415 1158
430 858
1536 2666
2814 3910
604 2524
827 3272
95 3707
611 2362
146 2417
104 695
277 3958
818 1576
503 1735
876 3865
105 3732
79 680
2151 3408
523 1325
872 3034
2817 3552
1034 1978
2114 3039
980 1582
345 3466
1779 3936
799 3478
152 293
671 3492
676 1946
2702 3296
13 900
170 1502
1520 2775
953 2547
1896 2318
1518 2552
742 3203
729 1130
682 1523
1883 2372
487 3965
801 2224
552 2418
294 3894
1009 1216
2844 3514
2254 3882
1248 2831
1007 2023
1956 4069
708 2354
1857 3328
1837 2521
16 489
1001 1008
1005 2186
2681 3007
442 3226
783 3822
1936 2901
602 997
865 2227
1296 2672
2206 2468
2908 3365
2840 3298
2310 4028
944 1753
2680 2883
3414 3721
3633 3663
3387 3629
1630 3660
562 2696
2926 3944
3614 3908
586 1564
1685 2566
26 1460
141 2577
3311 3824
781 920
387 2490
991 2584
2087 3230
1048 3808
1789 2974
1533 1622
372 971
824 1050
184 2718
2694 3029
359 753
499 4060
1193 3404
208 1100
1061 2662
560 1833
113 539
3012 4021
1143 1392
1062 3398
2195 3766
2990 3406
2499 3225
125 2105
816 1211
232 427
1368 3645
103 1261
2928 3110
3342 3990
1960 3661
1763 2290
1233 3123
698 2048
2805 3799
924 1644
395 2988
1717 2944
1453 4085
574 3519
2382 3567
2857 3055
381 1330
2800 3200
1535 2069
806 823
582 2763
207 2594
1872 2170
1332 4042
473 822
110 1702
1517 2419
248 1618
1924 2106
334 664
342 3698
352 2502
743 2456
89 2795
2263 3111
1600 3827
2526 3070
1074 2803
797 2647
3221 3868
814 3863
189 1267
3044 3717
301 2333
1293 1382
641 3634
769 1911
1207 1825
1391 3922
4038 4080
2768 3570
1120 2744
2375 2915
314 3486
1988 3136
614 1798
1338 3946
147 812
1244 2581
725 3977
804 3672
1484 2621
1438 2485
548 2341
2945 3016
581 749
1573 3747
2176 3835
2160 3617
1099 1250
321 3976
2447 3061
3349 3420
1165 3635
2690 3087
714 3147
1841 2873
1970 2164
1188 3668
3665 4093
179 2897
2683 4055
238 2757
3166 3360
1108 2994
2439 3520
50 656
438 3616
1371 1705
700 2506
1826 3646
309 1002
1801 3746
2049 2921
382 1604
2074 2077
2371 2826
3566 3858
460 2072
350 833
464 3250
3972 3988
1846 3396
889 1979
1547 1860
281 1488
1615 2731
976 2223
3165 3331
493 2179
1376 2091
174 2534
722 2166
691 2937
1016 1545
154 2638
2780 3534
276 1842
1776 3680
2017 3595
1031 2244
242 1026
127 3903
3201 3523
1379 2011
1279 2981
376 860
317 696
1417 1977
373 1507
3358 4024
2204 4013
2045 2570
1107 3212
885 1353
247 3854
449 2104
1758 3580
838 1534
1011 1809
2094 2395
2368 2670
3343 3744
810 3388
1843 2192
2824 3385
1974 3902
62 2784
2966 3777
361 1044
3310 3548
2867 3068
736 1700
3317 3993
3605 3648
3619 4027
1671 3604
83 788
756 2344
1692 2585
564 3890
2101 3405
1445 2700
15 3610
638 2339
2343 3241
2970 3274
182 480
1214 3772
1027 2225
2837 3558
881 3895
1997 3109
1223 1871
1069 1187
3032 3530
93 1990
111 1971
1691 1731
652 2708
2706 3683
2487 3452
2266 2274
1940 2903
2320 2804
1862 4008
591 950
2359 2550
958 2052
3022 3240
883 2961
2109 2442
1613 3577
3703 3736
2474 3472
1610 3786
500 3418
454 535
467 3572
122 3425
566 2313
2782 4078
3487 4090
520 3062
2568 3536
2839 3269
181 3737
1703 2415
1295 1377
2623 3127
650 2189
1205 2717
730 2015
2427 2711
3704 3969
55 2299
1411 2178
1733 2956
1603 3783
1581 1850
2495 3853
33 1472
193 2511
128 167
923 2273
3098 3543
1929 2006
1098 3409
1504 2631
2392 3330
1238 3697
2440 3820
306 3493
808 2655
2433 3809
1124 2540
1958 3157
986 2733
589 1478
807 3121
741 3838
2510 3557
1674 3837
1051 3454
1380 2018
169 547
90 2788
3733 3891
190 1000
3453 3850
470 3602
176 2518
864 2918
3985 4006
1320 2305
1508 1616
1365 1950
1667 3469
1796 2569
324 1856
497 946
160 4054
699 3774
755 3066
851 3873
718 1004
1845 1943
619 1335
482 3319
1487 2554
710 2727
158 3323
458 2856
488 3320
1558 2905
2210 2658
1232 3130
1401 2108
75 1386
229 3872
873 2493
2573 3380
49 3785
1262 3655
894 1878
224 1485
198 3768
3626 3684
1231 1682
874 2720
244 1738
1139 2477
629 1760
1059 2032
2088 3527
715 1584
2699 4005
2281 3457
3249 3640
3020 3779
1565 1953
1446 1595
2187 3005
834 2462
1415 1701
3297 3706
3234 3375
2142 2588
863 2984
1658 3306
2794 2949
434 3500
274 1439
2047 3949
2355 3217
2832 4089
251 3146
937 1529
2648 3435
1574 2885
550 2007
1848 3051
1284 3056
1110 2625
98 2701
129 2746
1859 3793
1984 2736
494 3215
1863 2397
878 1885
594 2380
2532 3757
1865 2796
2954 3261
1450 1906
1458 3517
847 862
217 3496
2190 2239
206 1288
456 1914
483 2056
790 2742
1550 2728
1172 1821
123 2707
101 1412
2999 3573
2723 3836
14 4056
1423 2159
588 3817
199 1947
2605 4049
222 2593
1724 3083
134 337
426 2289
3763 3867
2054 3461
1442 1544
1646 3587
1806 2001
366 2802
1643 3743
2553 3073
289 2002
1566 3455
2311 2602
632 3247
1968 4087
476 3148
168 1212
296 4073
63 774
561 1805
3553 3714
1285 2332
433 947
1136 3759
2064 2911
23 3603
323 1482
297 4059
313 653
423 1819
1575 1927
3341 3719
1648 2240
1114 3794
868 3268
751 2715
819 1935
929 4079
2503 3324
2693 3585
803 3780
3072 3088
1525 3332
2859 3791
1802 2929
1995 2890
573 1455
1754 1875
472 2252
1572 3346
3849 3896
1358 4070
428 429
347 3097
135 1448
1469 4029
2590 2989
1323 3116
732 2287
1464 3690
3289 3355
2129 2134
3006 4076
1153 3282
791 912
1635 2576
2677 3059
3439 3984
1467 2774
408 1385
2019 2950
1236 2248
745 3874
1167 3214
841 846
150 1855
1471 3278
231 2076
3447 3742
2642 3275
954 2079
643 3924
2739 3175
1265 1791
3036 3688
3232 3760
355 2619
2207 3352
842 2860
344 2979
1742 3315
1664 2384
1526 3177
2294 4046
3859 3986
942 3515
346 2117
1066 1895
383 1094
291 2330
517 2147
955 2478
2071 3499
379 1838
1161 3174
3582 3782
1331 3076
1079 2307
828 3538
1122 1793
1463 2952
2823 3262
1486 3434
1 378
1013 2543
3011 3366
2446 3578
1748 3971
1299 3389
884 1795
308 3480
887 1123
1893 2476
64 697
2622 3529
1973 2374
148 1176
343 1665
1185 3631
61 3968
2149 3287
2776 3194
5 2848
1694 2779
273 644
156 3338
1981 3893
1599 3120
1240 3053
617 1173
666 2111
2291 2862
2412 3134
1868 3554
3144 4037
1867 2606
151 3067
2269 2604
2450 3586
3402 3935
871 2013
205 3674
1272 2891
1266 1827
2745 3676
261 1989
3299 4074
1813 2816
692 1749
905 2968
2347 4047
3630 3980
1562 2285
2792 2863
3344 3545
2486 2709
326 1823
2350 2637
1571 3138
2849 3800
505 2092
2217 3751
2760 3801
1785 3825
453 1408
74 2611
712 3584
2578 3606
809 2833
1637 3491
3106 3734
904 1830
1757 2851
325 1853
140 2769
285 1352
1983 3818
338 716
2165 3326
34 3041
177 2620
450 1994
1213 2735
2288 3871
1351 4032
879 2283
1387 1879
633 3767
2148 2853
252 2391
1903 4010
1336 3887
3490 3539
2119 2522
513 2303
1437 1832
2024 3710
1198 3618
3082 4009
2607 3898
1068 1298
1119 2097
3526 3956
1503 2876
510 2980
1420 3107
2674 3532
580 3189
2632 2738
396 400
3715 3841
2953 3945
1531 3218
1202 1421
2277 3152
3597 3832
183 1195
212 1942
311 3952
592 3932
EOF
