512
57 300
184 192
75 223
127 276
215 296
359 415
89 94
40 92
326 461
204 332
130 367
267 489
76 315
125 250
140 349
141 252
4 370
443 494
258 497
160 378
85 305
38 246
194 333
169 364
240 395
143 261
172 481
111 220
282 490
58 135
224 337
209 341
173 414
12 174
396 488
161 236
5 343
417 466
28 449
372 451
303 506
171 472
136 487
376 493
129 216
112 397
153 388
426 470
452 479
413 428
80 394
55 399
23 410
197 509
20 281
234 371
81 475
54 190
213 495
109 273
83 126
245 356
331 352
105 181
170 322
201 231
70 318
46 93
154 467
468 507
279 389
59 259
9 283
187 382
84 323
266 483
188 485
278 425
271 460
71 500
165 346
16 455
242 419
158 453
42 491
348 478
227 501
82 309
31 102
26 233
88 383
68 182
106 423
307 358
294 431
334 465
120 329
72 398
327 511
22 226
177 301
195 368
74 298
308 454
45 297
232 339
101 155
67 393
14 180
37 289
113 212
183 510
53 502
189 198
214 299
1 132
133 257
118 505
159 241
21 100
11 123
238 353
15 319
168 265
48 122
115 421
61 469
374 444
110 448
116 264
324 482
24 384
409 464
351 445
162 280
251 347
13 32
268 450
222 239
56 385
284 403
39 254
44 186
87 357
35 73
164 373
354 381
330 429
203 230
321 366
179 286
314 386
62 272
439 503
69 420
422 492
361 459
142 277
147 293
219 270
263 310
287 498
60 207
210 302
166 462
103 256
345 486
41 52
51 64
77 328
99 288
34 430
434 442
249 435
98 335
285 344
30 221
247 484
91 295
424 476
134 167
191 411
96 312
338 496
107 237
199 400
10 235
18 152
255 306
342 360
2 157
139 406
65 144
350 392
7 36
290 407
121 202
225 248
95 185
175 208
193 433
365 457
43 380
25 97
114 471
27 408
50 440
178 313
311 446
363 427
304 320
148 196
86 401
262 355
90 217
405 473
244 437
19 156
47 369
0 163
205 275
131 243
316 340
3 124
456 508
78 108
218 325
138 418
336 377
432 504
211 499
33 260
17 480
8 317
66 387
253 441
390 458
375 379
119 228
29 404
149 292
362 438
206 474
151 436
63 229
104 145
391 463
291 447
79 146
137 477
176 416
128 200
6 117
49 402
269 412
150 274
EOF
