8192
1329 4900
1331 1987
3944 5108
7611 7776
543 5436
2575 6356
7295 7596
466 3573
3331 6688
1263 3547
3401 3886
250 8036
2742 7702
971 3043
1937 2531
4004 7225
4049 7629
3259 7883
1760 4842
3336 3540
1934 6989
2003 2357
5031 6623
1357 2769
1309 4930
2696 4893
3108 7032
681 827
675 677
6085 6567
69 1237
3543 4465
4075 7401
763 7717
6553 8013
5762 6674
1255 5357
17 422
1473 3901
270 1105
2415 8138
3038 6977
5620 5676
6842 7597
2960 5797
4738 5517
335 726
1376 7396
2570 2739
323 832
686 4835
328 5100
1 6814
1604 7656
1421 6549
3251 7446
4082 6843
899 2226
2428 4935
5121 6953
598 4378
5099 6915
1158 2371
542 3852
5049 7093
1318 2170
5363 6457
4293 5832
806 4142
1872 5058
2372 5746
266 3286
2833 7107
1368 5551
3951 5803
3781 6760
3000 7945
2564 4255
2458 5462
5900 6803
3358 3498
6742 7779
1970 6636
2592 7084
2736 5574
1765 2018
1246 3865
1302 5890
307 664
493 4924
992 7332
909 1241
1063 3770
1260 6062
617 2378
2804 6459
2695 5774
2019 4864
4055 6037
3452 3666
1035 7812
5417 5618
5649 7921
4643 6135
2550 4945
5969 7884
1772 7531
3989 5522
283 3073
1327 3297
1622 2914
411 557
261 7088
6772 7190
2134 3293
1584 6852
3920 4208
5557 8151
3365 6609
5989 7280
2740 3803
1126 6888
2772 6293
5978 8165
3579 5563
2665 8095
6350 7738
4788 7340
1564 5920
62 7353
1400 6622
2126 8075
792 3527
4133 7414
1259 2843
357 7490
1192 2043
4355 5123
4210 8113
2360 7692
1723 6114
1541 3556
325 6534
79 5358
3074 6041
2923 6793
3177 5224
24 2875
893 4116
6555 7008
1725 4272
1265 1806
2840 5789
5605 7299
6267 6330
2332 4310
3338 4527
4511 7577
5032 5219
5218 7898
1684 3715
6560 8098
6234 6824
338 3885
5041 6136
2480 4669
4600 6447
382 3903
2433 2848
152 3485
5036 5356
538 6768
4065 7097
3577 7512
3972 7949
7566 7823
4889 5208
1979 7903
2699 7148
1910 5060
2267 3849
2574 7640
5588 7302
333 7000
1968 5729
4967 7758
2181 3390
38 2276
1967 4556
352 1903
7054 8178
2058 3862
20 3417
416 3701
658 6897
2354 6906
4606 7004
4702 7740
3595 8088
141 4326
6303 7476
6595 6837
5508 6780
2640 6615
5172 5712
447 4284
1840 4997
4604 5701
2482 4759
1003 6721
2030 7382
3359 7993
4834 6259
1532 2842
4705 5666
124 1730
3714 5922
696 2850
2125 5592
180 4157
866 1124
6480 8060
2238 6323
1469 5692
2535 5821
2230 3607
1409 7853
1771 3700
1428 6318
851 3140
6635 8084
2510 2690
4706 6003
4761 5542
599 665
1358 7585
1057 7413
31 8147
578 2089
6695 6766
6589 6911
1565 2352
990 6652
2951 3935
1061 4363
6667 7272
4654 6788
4060 4451
1069 4199
5350 5824
2432 6853
733 3115
808 6886
1548 3091
3393 7046
1659 4760
2192 6327
161 7961
5415 7987
6937 7035
760 6694
558 1430
1282 3003
1414 4566
6030 7141
1707 4679
4196 8101
5524 6621
259 3087
2990 7481
3420 6950
3795 6625
915 7085
4493 6801
3534 7130
1481 1868
1676 5444
4249 5593
5149 6789
6119 6551
590 6525
2000 7341
5770 8028
4347 6867
4896 6773
3409 4027
2839 5646
1757 3245
372 7927
319 3991
35 1662
3138 5025
153 5855
3285 5715
2992 3669
6600 7393
68 2785
4096 7614
759 1185
856 7451
4594 5249
4957 6761
1034 5236
1204 4187
4374 4887
4872 6406
3019 6730
1066 5520
289 7186
6967 7403
2811 5644
2185 2766
4751 7290
2604 3771
350 7621
491 951
2666 5894
1219 6166
2296 7245
1370 3374
2497 3026
3664 7554
666 4713
673 3236
2748 4430
2670 6548
203 3627
232 2540
1653 2927
838 6325
1229 7749
4674 5367
5335 7593
902 3235
858 1018
2362 6850
2854 2987
1113 7930
1642 5145
1905 5197
711 7155
444 2079
2478 2795
6796 7525
4918 6737
4837 8168
720 7689
6363 7262
4909 5165
6170 7795
2664 4881
4944 8120
2671 5887
910 8023
3626 6728
370 2806
3775 7873
842 5896
2417 3004
472 6638
622 1238
859 5280
39 972
4290 8009
389 4222
3258 7277
3660 4866
975 2384
1449 5313
5052 8055
2236 7152
747 3024
1534 1683
5129 5841
6298 7810
948 5682
151 7324
1983 4245
6374 6552
1156 1546
6647 7425
6149 7800
2164 4593
51 3694
4719 6145
2477 7909
5211 7184
6578 7020
1712 7617
4452 4949
540 2160
1921 3895
5543 6027
1758 3524
4773 7475
2658 3134
1247 3676
3741 5349
2617 5244
2266 2450
5587 7770
1142 8076
3823 6399
2319 5881
4514 5488
12 1050
3695 5366
1751 6783
2306 6270
1176 5242
1691 7412
5277 5828
1101 6099
1216 2273
371 6460
2113 2286
430 6785
660 6656
3610 6222
1225 2002
1038 2538
28 5240
1931 5946
1022 6528
6345 7583
128 3789
988 3142
1899 4097
1342 1366
5925 6611
1141 7194
3391 7954
2997 3777
3481 6031
4744 6217
2536 4072
1861 6069
5814 7863
1359 1909
3255 3584
1742 7982
6101 7874
2242 6070
4486 4495
2529 4026
454 2328
32 3994
1479 4269
569 7191
7670 8180
552 6889
4230 4816
1889 2681
1026 3820
2662 8119
1314 2629
1647 2595
3945 7094
130 4372
7038 7248
607 4882
4203 5408
2823 3226
2087 5943
1869 4162
6348 7979
2565 7755
3624 4414
1502 2507
2056 4448
1249 4067
164 7230
2186 5966
3575 4505
2045 5112
4723 5942
1024 1360
2499 6679
3455 4840
2381 6388
923 2543
6104 7999
4795 7426
2907 6934
192 3763
587 5272
1002 2255
2359 2651
2287 7530
6207 7052
5175 7962
5343 5705
4936 7440
1716 5837
4626 4921
36 1407
187 3077
6417 7167
5164 7179
3927 5297
13 3202
1819 4489
1019 1766
2890 6841
6724 7140
2363 3981
6487 7521
2562 5475
1877 5872
3772 6251
5624 7872
5276 5288
903 3354
3568 4419
1847 5845
2305 3065
434 8040
3172 3362
4423 7120
2270 4994
3151 4623
2144 4053
159 5283
721 6464
973 5310
1300 2182
3874 8144
417 1940
3893 4398
5034 6952
689 967
5163 6398
4165 6757
1292 2092
2035 6958
2072 3508
347 918
113 2439
3875 5540
1147 2676
5558 6065
1988 4260
885 3239
2251 5778
887 1134
2391 7615
5659 7483
5080 7064
5952 7206
423 2299
4512 6506
2649 5124
1596 6216
6580 7181
67 6909
4638 7977
2066 7744
3919 7547
954 3162
843 4777
2193 5528
2667 5463
0 4070
3334 6602
3413 7164
4309 5291
1576 6604
257 7030
934 5964
209 5439
2645 6339
1650 1843
1512 7830
2247 7028
439 6983
1724 1880
2011 7886
1283 1898
2856 4404
588 6300
2173 4303
1303 5905
302 1138
6922 6938
1969 3523
5993 7241
2903 7286
6546 7983
1492 4145
611 6566
1542 7976
3642 4541
82 1656
342 3612
1696 5107
6539 8079
1055 4045
816 7339
1530 2057
709 1497
1058 4006
2229 4191
6712 7802
1617 2598
5003 6861
5338 6863
5104 6491
5632 5689
3205 4369
1535 7972
5132 5720
5460 6344
2103 4335
1677 4109
5883 8063
4302 7663
2731 3078
2544 5844
2091 7082
7455 7704
199 8066
1914 3933
2895 3647
5174 7467
880 4500
1125 5616
6706 7701
521 1236
2250 7135
5160 6769
1107 5420
3835 4641
5622 6275
6904 7154
1330 7912
513 5013
1764 5223
2278 7747
1239 2367
496 4928
5275 5886
725 2382
5233 5369
812 3319
5094 5221
916 2561
2581 3260
1347 5341
1755 8057
432 4174
4771 8160
1386 2024
7694 7819
2175 6808
873 6191
1462 5044
4323 6089
700 4129
6178 7041
783 5336
7214 7428
3175 4503
1627 6645
2746 3325
292 321
116 7491
268 7633
6483 7586
238 6749
7080 7923
299 823
1638 3191
7278 7423
6226 7915
799 5737
815 6731
1892 4707
979 7897
4316 7687
5289 6335
566 3667
6180 7731
5934 7356
253 7067
1499 3492
3110 3743
1154 6587
4950 7818
2896 6331
2919 7407
1593 2610
845 5376
1484 8012
5908 6559
5317 5672
2876 4688
4827 5139
761 7575
1513 1767
7536 8143
2898 4938
6125 7785
425 3136
3762 4622
403 4999
4299 4611
260 446
492 5921
30 6523
2469 2628
3446 3756
3411 6286
892 3602
5103 7180
2773 5253
1516 4029
3764 5581
1243 2377
1509 4112
2721 7922
2298 5073
3225 3691
497 6550
3119 3659
1721 8176
5736 7808
3752 7263
424 5496
397 7114
4671 6209
535 4063
2105 2434
4104 5998
5565 6115
4582 6155
3559 7846
173 7708
6220 7771
5246 6338
1280 1867
618 650
2720 8020
479 1248
2571 3932
1271 5287
5298 5559
56 7389
2663 6248
2632 7347
1809 6431
4736 5481
2528 4983
1974 5161
3811 7210
1913 7662
5303 6479
651 4021
2467 2735
1583 6752
668 1448
4034 7001
6208 6816
3010 7308
1747 5239
5747 6471
6702 6727
3130 7361
3035 4118
211 1623
2483 4238
7234 7630
1343 3728
7291 7320
4352 5327
1072 2189
3161 7858
839 2585
415 4657
2984 3957
3955 6369
1610 3603
3799 7590
2977 7667
437 1918
4099 7991
2348 7306
3753 6839
3465 5501
1924 6923
1972 3018
234 7397
871 6774
3845 4757
3159 4188
2884 8049
2988 5200
5392 5840
227 5120
2325 7849
1123 7436
2489 3761
5656 7096
5082 5271
1836 2846
3403 7388
1392 4732
6197 7104
634 6864
3484 7013
386 2991
6494 7002
595 3012
2117 2466
2157 2231
3646 7820
2012 5382
2682 5991
3257 7251
1269 4052
2300 7460
1064 1466
936 982
6127 7287
4651 5394
4772 7392
1290 8081
503 5578
2067 6199
2511 6071
950 6446
2061 6963
2256 5040
1410 4176
3350 6594
404 2351
359 4200
795 7448
875 7720
6274 7839
5093 5186
3402 7811
999 4023
4746 5146
4214 8035
5693 7431
91 5409
111 1933
275 2183
304 6035
1122 3478
4300 8050
1179 5677
1352 6154
137 5418
2577 7117
3477 3918
4869 6568
5135 7273
2782 7553
2976 6156
1266 7513
40 4319
6414 7044
2245 4079
3833 6302
1422 3606
612 797
3268 6246
746 1310
5464 6627
5962 8030
1155 3028
3083 5603
2393 2445
4150 5507
3591 4954
277 6090
1483 7882
2060 4259
1805 7539
1672 2283
6258 6307
1573 5266
775 2552
2921 4697
3522 3550
809 4385
983 2718
385 7267
7645 7799
1394 3120
5438 5608
4279 7824
461 3861
221 6582
3560 8157
2530 5147
4164 4497
4563 7794
499 5448
1030 7274
1245 7836
1388 4480
189 456
593 2063
2168 5469
3822 4126
4206 6373
949 8029
288 4085
1657 7204
777 4792
3406 7850
1082 2282
1881 8100
2345 2734
3620 3780
561 4542
5380 5802
1966 4605
1175 6028
5116 6599
4491 5115
5928 8071
1547 6804
2268 6541
2844 5549
3117 7936
438 1253
2618 3262
58 5866
4735 5597
2095 3656
2568 3207
5045 7069
5833 7809
1485 5614
504 4343
2292 2524
3996 6848
6507 7684
579 1353
1112 7087
3963 4798
7352 7378
191 6424
519 5403
3941 6004
6172 7537
706 3127
3092 6103
169 1971
4822 7622
2780 6202
1800 4320
6368 8083
6098 7540
6651 6672
4498 6660
4031 6100
3209 7014
5897 6859
6442 8133
6401 7988
7229 7806
7255 8158
980 4861
3200 5582
1589 5724
3934 6184
4130 6819
2710 6074
1607 3557
1128 6044
226 3194
3351 5364
6093 6632
1906 2119
1187 2077
2020 2438
1554 3204
4362 4616
6007 6048
602 4399
6690 7535
245 5987
1701 5070
4298 6899
1298 4908
332 4506
4754 6926
1901 8103
2374 3370
6046 7828
2504 5609
2421 6529
3537 7242
6488 7162
3921 7026
2691 5619
1526 7113
186 6051
41 3118
3745 4418
1306 7195
1577 7542
6120 6593
3717 4691
329 5936
1630 4411
3904 6390
5888 7355
1624 4698
2934 7183
1033 5960
4167 6211
3757 4123
4431 6857
800 2397
162 6094
4628 5228
1089 7330
1618 7485
2107 5744
3439 6214
1339 3685
2129 2797
2954 4358
1660 5885
2679 6402
3421 5544
3011 6840
324 457
1823 5212
10 2487
78 7318
4742 5615
4285 6558
699 4271
621 1308
4252 5509
835 2246
908 7344
2153 6708
282 3692
539 741
4136 5782
632 6719
3107 7131
901 3263
6665 6932
821 8131
615 3554
4492 4973
1986 6940
2198 5735
4870 6403
4535 7079
1619 6918
568 8065
2476 4074
3129 7040
184 3027
4852 5457
4876 6603
3153 4330
657 1825
4955 7911
1580 8044
4464 4554
1471 7452
1555 6584
216 3830
1047 6139
5445 8048
5245 6941
541 4268
1820 6255
6671 7765
757 2964
252 4417
5801 7508
2959 5909
766 2208
2243 2301
2636 5026
1017 1510
3515 3992
1944 7969
2307 3855
1232 4475
5194 6054
906 5166
119 2333
1863 7579
898 1165
1857 6729
5 4253
1295 2501
2726 4712
5731 7502
1520 3580
5225 5537
6097 6405
3877 4223
1399 2171
2500 4998
852 7501
3361 6102
3020 3469
563 6644
1932 8164
3650 6477
548 1625
3339 4455
494 5727
1093 4839
3148 3246
613 2725
2358 5071
2874 7688
1174 4501
5302 6006
1254 1643
5214 5636
5783 7544
1960 2147
156 868
1858 7226
1075 5546
6045 6655
1189 2109
2233 7115
3008 5861
1989 4747
6174 6465
3871 5554
6879 7783
2715 4948
2693 4815
2818 6108
1344 5829
2050 6160
3639 7741
337 4632
2660 3863
5089 6490
262 5595
6693 8000
6186 8189
4858 7254
4577 7751
1395 5144
5434 7978
712 4578
2755 5652
4608 5891
175 1710
27 4171
4297 6161
989 1682
1995 7534
2106 2619
4001 7201
3766 7710
1010 1851
4504 7767
4195 7560
170 3846
5101 6164
1223 7875
3084 4634
1763 6509
850 5977
2040 7479
849 6526
1634 3774
4565 6501
5234 6829
465 6389
6128 6794
3135 7848
2770 4925
7010 7177
3353 6227
188 6280
1495 1854
448 3824
396 6980
2713 7985
6241 7647
4976 6905
2944 7990
3397 5827
1537 7496
3466 6996
3911 7050
5892 6378
774 7292
997 7497
3311 4014
5204 7253
5847 6296
420 5284
7601 8070
1090 5078
2120 4139
2789 6288
4644 5168
4522 5515
2322 6242
2209 7638
308 7156
3229 5229
929 4412
750 7145
7316 7726
5348 5733
6171 7108
4459 5707
1783 6291
6686 7276
5046 5859
1822 5765
1543 3730
5988 6722
2335 5734
458 7522
3716 6192
6088 7971
8 4630
2214 7538
7325 7996
2827 4296
624 8155
356 3185
4211 7777
4441 4548
3882 7265
5324 8053
463 6661
365 7905
1493 2005
3304 6336
2101 4010
3183 4384
2180 2982
4596 6124
5390 6975
2349 4610
1686 4140
3470 7202
2220 7524
2941 7473
1597 8074
6254 6781
3203 4587
2337 2668
6421 6745
1230 4000
1962 4753
958 3105
8058 8110
2239 3867
3982 6277
2136 5683
4048 4579
2010 6809
2062 4755
2674 6974
2684 4056
6253 7212
4373 8159
1221 2702
1284 5947
4620 6628
4331 4367
303 7678
5779 6132
3155 4567
3841 6624
182 7260
3801 5763
3429 8116
2714 3143
94 2347
3645 7493
1447 7437
6063 8072
900 6877
1378 5700
5741 7147
571 1990
2420 6198
3970 6949
2864 3241
462 1045
2555 4342
3675 4695
1077 3884
3514 5402
1315 3906
2461 3922
1312 2635
2108 4383
2613 7441
5001 5675
1182 6276
2901 5079
3805 5347
194 556
3223 7472
1815 7745
1338 3426
428 1067
2162 4250
4597 5473
6360 7427
1491 7132
5668 6295
732 6763
1613 7313
86 5738
3303 4349
1594 2882
6187 6349
4201 6735
1992 4833
1687 3990
5150 6739
715 5000
3917 7066
4993 6092
5423 6504
3396 5330
2052 3615
1703 5940
4090 6162
4086 8145
3404 6547
4113 7693
5085 7157
3838 4406
3497 7478
2190 6061
1585 3689
1457 7499
1016 5181
309 4035
81 1685
487 528
1922 3727
4532 7815
2841 7163
2872 7918
895 2924
1629 7866
1436 3974
854 3869
73 2590
3960 4156
412 5849
2539 6376
7763 7768
5188 6810
1242 2269
3483 3708
3490 6361
6425 7589
4686 4720
7211 7631
1791 5984
2776 6105
5170 5487
5398 7855
3589 7929
1853 5042
85 1614
4490 6324
2088 4529
2614 3538
864 6461
2156 2744
1325 6698
1674 2395
779 1574
2513 7509
1792 7989
95 7757
3758 7724
735 1157
104 4658
1129 6415
3061 5110
3276 6020
2013 2573
5709 6858
298 4274
2078 6590
4980 5813
1096 6426
2232 5633
2289 4344
5742 5930
3265 3980
4510 6993
3320 7831
1715 5982
1946 4703
406 7121
1795 4046
1137 7721
5626 6355
4758 6913
1291 3044
669 4874
2314 6870
1525 5461
5819 8093
790 2225
2750 5684
2522 5505
2777 7070
2383 7312
367 4078
2197 2321
1959 7238
7111 7719
2747 5133
1277 2177
4103 5333
953 7366
3800 8067
3009 6955
1826 6924
2124 3016
4091 4561
3109 7285
2606 6799
4025 7003
3377 3872
1552 5247
6138 8152
5804 6194
2054 2813
3652 4929
241 3154
4202 7223
3233 3316
6278 7323
1476 7742
2323 5617
7383 7654
43 5516
2410 7239
2237 5535
884 2071
702 4194
3163 7578
5910 6676
1437 6297
2778 6200
1773 4151
7095 7379
3114 6574
1675 1902
358 1257
1733 4625
690 5016
2447 6979
484 2244
573 3400
6212 7065
5901 7756
6408 6598
6437 7281
4446 5555
2751 4733
4550 6543
2407 3058
6836 8179
773 5004
520 2630
218 3563
3060 3857
1054 4934
7364 7374
1416 4110
853 5860
2116 4439
2757 7346
287 1201
1929 7438
2179 7569
305 4466
1194 3890
2608 6111
3571 6562
730 2526
2583 7908
66 7453
5326 6014
1078 2781
6429 7675
1203 7881
1500 1885
631 5096
1964 1980
1506 2749
1544 2064
5279 5915
1821 5996
693 1503
1163 7871
1468 1518
4927 5190
1375 1706
545 2409
1592 8034
409 5759
1794 4450
5653 6876
2642 3281
2861 8127
485 3821
2569 7461
4919 5579
2798 4394
167 6985
2399 5898
3939 6787
1371 1978
2364 3688
1180 1326
291 3724
5131 7314
1860 6862
114 4410
4280 7567
1787 1999
3759 7833
1718 4895
220 7766
2611 4799
4586 4966
18 870
2897 7486
4536 7852
1714 7676
222 6498
1293 3068
1582 5931
1894 3636
2586 5545
4724 7240
4311 7103
4817 5072
1745 4051
361 2877
994 3451
343 2111
1887 6343
716 5550
1655 4781
2201 8140
3113 6317
6520 7390
801 3690
2264 7950
817 5830
1139 5681
5623 7854
294 5440
1754 3090
1711 3744
1438 7047
4251 4549
2159 3499
103 3022
441 3812
784 3369
223 1694
4829 5386
6605 7545
4898 5983
4128 5612
877 4931
5874 7895
4649 4951
3816 5651
2385 3330
3395 6394
1439 1859
3399 6151
45 5781
601 1494
798 7447
1615 6891
527 1678
364 2867
5502 7444
1373 3156
5334 6005
1213 3725
2249 6556
5670 6943
584 7335
172 6956
1336 4907
1463 6000
2047 8004
414 1477
829 4621
1150 6235
2732 6856
585 5484
1402 6081
738 3380
3173 6230
1092 4487
654 3914
4871 7187
3747 6657
2802 4088
2455 5406
1586 2763
233 340
5870 7680
2551 4731
7173 7222
4813 6036
5758 5800
3487 8123
407 6741
1689 2878
77 7653
2809 4545
2826 5453
2204 5958
3504 5935
5345 5927
1091 2090
4808 8005
891 7166
1939 3337
255 6474
453 794
3663 5480
5647 5791
1403 4263
4525 8091
348 946
705 1644
6110 8090
6400 6659
1761 3501
267 525
3633 8052
3300 7492
959 7607
3731 7750
48 7914
3471 4346
932 4371
604 2459
3555 6914
536 8146
4131 6846
5421 7310
3164 6795
928 2837
6382 8172
1722 6029
5259 5696
4064 7705
1444 5645
1413 5260
2131 3064
3987 6707
694 6711
6641 7932
3476 3710
2498 3292
4473 6026
2627 2999
4036 7159
7913 8117
1631 6177
201 956
2389 3698
2006 5961
376 3055
727 6486
6409 7188
2474 7557
1270 1511
780 5694
390 2297
1364 3653
1193 7637
3344 5136
7171 8006
6256 7049
1612 2127
1191 6196
314 7549
4089 7048
445 7119
1015 7672
3678 5552
4286 7520
2009 2344
1750 6314
4978 7345
3329 7215
6158 8042
5222 7123
150 6122
2518 7606
373 894
3682 7625
676 5852
4520 6673
1362 6662
2638 2771
5329 7964
1222 4242
1332 5654
1209 2320
7056 7227
2436 3851
5950 7938
2211 7136
5499 6527
723 6746
630 3813
3309 4992
1737 3697
1287 5967
1654 5005
641 6022
7015 7860
2620 3562
4066 6925
7889 7956
3253 4729
5009 5331
1568 6519
2692 5627
655 4193
4057 5970
5323 5429
3578 7821
3806 6083
369 3818
6450 7328
2253 4463
952 6322
155 2274
4818 8047
1505 5477
2112 2390
3517 5056
3967 5785
7796 7861
4 1846
3247 7218
3843 7690
5703 7664
3323 7213
606 6240
2038 3737
5638 6892
2261 7605
1007 6385
315 6075
940 1320
1094 4337
1693 3167
3609 5122
2453 3033
1606 5835
3157 3415
5846 6868
7 4910
2808 3623
646 3712
4655 8092
1408 7417
4802 5760
316 2493
4069 5191
4396 7197
2169 3836
1451 1866
4624 6218
476 2910
4008 4231
421 6021
944 5808
6835 7043
981 7541
1911 3797
7876 7997
628 8002
50 7920
5798 6725
2206 8086
1454 3993
1186 6451
3984 6010
1578 7582
3366 4769
2815 5723
3912 5466
6159 8025
3670 7916
5754 8099
4571 6440
5532 7449
1363 4581
4790 4964
3859 4601
742 1688
1883 2046
881 2761
5281 7022
3641 5568
670 5138
1062 1738
1177 6988
937 6219
3392 7958
3124 5784
4646 6204
3693 6034
1524 1925
3878 7634
4828 5456
837 5561
112 7198
374 744
2094 4461
4434 7888
2760 3733
710 4365
5518 5533
4102 6449
6397 7408
758 6067
4843 6470
2503 3926
206 4627
4681 6301
5383 7322
5027 6596
451 8046
4591 6716
3328 4743
2949 7587
443 6337
2025 3629
3881 5472
5660 6012
2026 2855
5002 6261
828 4334
1681 5902
4972 5159
822 3454
133 6379
2494 2894
1835 2719
2387 4421
2824 6802
6436 7208
4666 7134
2093 5999
1042 4741
427 5834
1212 1609
2768 4243
1431 1556
5575 7626
3808 8104
5818 7834
97 933
217 8162
1708 7185
5954 7835
7304 7507
2007 3041
1220 2716
5384 6732
200 4163
2135 6767
4012 6181
2591 6445
1173 2334
1756 2601
831 3176
3844 8087
3509 7307
3496 5173
5227 6538
5836 8156
748 7027
2675 5300
4059 5570
2783 7870
2022 4714
1947 3569
4920 7715
3897 5482
734 4134
498 6569
3923 4668
4377 5580
5151 7168
2326 3081
1198 1777
2227 3046
2460 6881
4391 7573
1340 6933
6091 6744
3227 3746
2653 4516
2708 7563
483 3029
2711 5805
1140 7351
183 5405
965 1065
3831 5939
648 3962
3076 5048
522 5945
3567 4990
2336 7804
3570 4160
3574 5087
171 4726
564 1665
1102 8018
6140 6844
7386 7869
4449 8021
1071 6606
2791 5322
3973 4345
3977 5539
4105 4107
855 6664
3313 5591
1052 7430
3425 7024
236 1736
3778 4971
1985 2398
7138 7880
4016 8051
6009 6653
2514 8105
984 4782
4894 7564
2151 7529
1699 4308
2234 7045
4002 5869
577 3651
1441 5953
2857 3985
2148 4229
3250 3565
2650 7074
3713 3760
1670 2463
1830 7906
481 6167
2567 3348
2829 8173
787 3382
2401 2754
713 1961
228 1900
3006 3655
37 2891
248 1027
6096 7336
5985 6885
731 1873
486 8108
6118 7657
163 1997
1374 4696
3093 5879
1522 6078
1012 4603
3782 4617
3928 5062
1396 8181
770 7712
4428 6714
2304 3187
4922 5011
5030 6516
565 1605
61 3237
265 7337
3001 6467
60 5882
4481 5255
6056 7011
1226 5286
312 756
6954 6994
6264 6779
1528 4336
204 1215
5924 6316
1435 4806
1501 3632
25 4553
5195 7224
1697 6430
4357 7602
242 688
3213 5880
6786 6948
3317 4762
2388 6082
2686 6544
6283 7458
247 3814
1993 7023
7682 7893
1208 5851
514 5976
3014 6964
5838 7387
1304 7406
388 6107
2145 3880
375 1460
2263 7025
5773 7422
3121 6182
237 4903
661 8003
4519 6971
54 6203
7729 8037
4665 7358
3086 7660
1169 7714
620 6396
3039 3791
2863 4209
2680 7984
1006 7867
3794 4020
2486 3767
769 5728
5449 6117
1167 4041
2542 3228
1579 4923
636 6443
826 4468
5485 6561
5269 6880
1234 4546
788 2422
4988 5816
3372 4862
1171 7786
2303 3611
1401 1527
1205 4963
3979 7826
2886 4265
635 4850
464 3738
5807 6723
7342 7608
2294 7363
5941 6039
2316 3116
1131 7643
919 6845
2969 4607
2549 5607
3184 4093
6945 6961
383 2779
3638 6493
1097 4244
23 7061
1228 4814
1099 7068
3147 7294
4189 6944
2 5889
142 4801
6134 7896
433 550
3394 5263
1920 7788
5854 7571
2962 3468
2423 8026
470 3896
1514 1849
1190 6962
2452 7142
3998 7301
1567 4267
1433 7778
4718 5119
2887 7514
6052 7500
2471 6639
53 515
786 4149
4416 5454
7748 8045
4392 6903
1425 1633
2329 5768
3866 6043
803 2133
1202 3585
639 3360
7968 8043
4618 7892
6750 7953
3243 6545
65 4144
524 582
3075 6685
4791 8106
5414 5899
6412 8154
526 820
1041 4884
14 3248
1608 5185
4005 7235
6900 7610
987 6984
772 5564
1698 2822
724 3680
6392 7576
381 6365
2049 3195
7017 7429
3815 6813
480 7062
1240 4878
387 1813
281 4022
644 6972
3729 5084
2834 5794
52 127
2340 4220
6011 7859
5586 7182
804 7620
4387 4946
2831 6782
4849 6141
2942 6013
2070 2654
5529 7034
1297 6910
4537 4902
3600 4115
4811 5125
1945 4962
7488 7559
3080 3597
1200 5154
2361 2546
4161 6666
1068 3617
6377 7327
818 5397
6285 6920
4502 8161
1313 4181
1855 7053
2847 7106
762 4704
1954 7946
6341 6738
647 6765
313 2386
405 3005
1427 3178
4912 6800
5321 5761
2048 3552
1726 5973
637 4169
2733 7917
1973 7803
6901 6973
3254 6411
2380 3899
4636 6726
7311 7825
2241 3063
7737 8191
1415 3736
559 4684
3604 7671
2534 4823
346 3894
3837 6585
1810 4013
4853 5196
2039 6354
2350 7970
2793 4805
1824 4479
2828 4857
1663 2939
2137 7149
3448 7127
5569 8175
2787 7627
1294 3635
440 4819
3050 3071
502 4030
4018 7348
2594 6290
473 3536
3294 4080
3098 5500
754 3238
3332 3587
1504 1930
1741 5064
6533 7456
98 5315
300 4865
3095 6893
1021 3015
393 4469
5631 6305
2913 6579
243 5971
976 5385
2213 8122
810 962
968 4237
4612 7076
922 3535
5411 6223
165 1372
3072 7360
2807 6383
4111 6183
518 3558
6238 6381
1626 1720
210 5713
3734 6517
3436 5606
2240 2970
2563 7505
814 6367
1731 6229
9 811
1321 6060
1782 4071
2974 7231
5171 7315
3346 8062
106 580
1540 7944
3891 6986
6423 7506
501 776
1095 3042
2085 3206
6617 8007
1798 8170
3287 7395
5980 6311
5379 6313
2519 4135
5643 5776
295 3224
2730 4122
419 7762
1000 4573
4177 7102
1875 6511
1276 7879
4348 5458
490 5088
3363 6572
5428 6902
3456 6247
258 5923
2265 6175
7006 7761
478 656
100 3699
2817 6306
2138 5726
2948 7256
120 6734
2014 6444
1172 5365
42 2717
1272 3341
297 2130
467 4087
4764 5674
6542 7169
659 2805
736 5075
2940 5820
964 5702
2205 6129
3273 5721
1769 5743
3450 5114
3347 7209
2435 7109
3581 6475
3301 5311
469 1474
3479 3719
326 719
609 3931
4642 5355
129 5426
179 6076
3839 5375
4154 7890
610 5180
771 5178
3726 6830
4248 4564
455 2626
6637 7469
2441 4584
2673 4784
6497 6640
1299 6860
2202 6321
1955 5404
2904 3045
5504 6699
2284 3631
34 197
3827 4716
3665 4435
1616 7354
3244 3295
90 2215
1658 6055
3430 8039
118 781
2167 4770
3131 3711
1356 2596
1884 3853
1111 2905
4478 5184
1888 2600
652 5594
1923 6053
5503 6427
6828 7618
1558 2259
2290 7711
3103 3308
745 1020
147 7221
330 7713
413 5513
4205 6265
510 6613
2523 3530
74 6215
5258 7519
4143 5391
2621 4986
143 2516
1250 1595
966 3842
3942 4408
2309 7842
1445 6016
83 2917
3386 6683
3384 4533
5492 7471
5437 7822
4483 5314
3284 5527
961 1950
1808 5806
5811 7333
4264 7669
1785 3192
517 3983
2431 2520
4236 6668
1890 8027
101 7959
1508 6908
3742 4580
3572 5155
874 1976
2694 4645
264 4659
5893 6946
16 1367
1251 4477
1011 8064
1752 3507
2414 7170
5467 7568
84 1936
2031 4382
1812 7042
1088 6489
6072 8031
6631 7329
753 1838
3608 5248
1365 7947
5231 5708
4926 7319
63 6928
3765 5655
1051 4424
1161 7838
1233 5059
2293 4453
3829 5373
3442 5519
924 5526
5916 7442
3274 5714
4722 7649
4786 7021
1827 7176
1053 7037
3953 5601
511 5217
575 7258
7685 7928
2559 3513
4879 5401
7158 7845
2365 6146
765 5534
3909 6213
1709 5158
4897 5906
1886 5179
2953 3459
605 3278
1085 6751
1533 5238
1845 7464
4888 7784
19 1797
623 1957
2369 5634
3149 6334
1424 5478
2512 6455
1507 6834
682 1740
1023 2765
2993 3002
3013 5021
2353 6791
1470 7624
5393 7801
1244 7790
764 4413
3809 5955
6260 7421
2187 7338
125 7016
1429 7699
6521 7696
148 1443
400 6610
591 2339
3031 7504
1700 7300
1487 2464
1480 7550
4615 5177
1450 3848
1168 7331
2727 3997
2194 7584
488 8038
1490 5254
1086 4433
553 3598
2853 4340
2235 4254
47 7220
683 3704
6269 7598
2616 4676
4836 4856
3854 4282
1118 6168
5648 6468
1538 2554
861 7279
263 6916
1870 6346
1059 4456
7288 7334
890 7952
3291 4985
4121 6466
489 1841
6188 8068
2505 5611
336 1391
2836 2966
5730 7986
824 3099
4227 6630
1895 4277
1778 6038
977 2370
1393 4544
166 5203
678 5344
4039 4415
4058 5949
4307 4539
4965 8184
500 4217
2703 7603
1804 4321
1025 6144
4324 5489
3986 3988
729 3385
3230 6292
2929 3368
426 7129
4711 4804
2312 4322
3432 7484
2212 6576
2625 7847
4583 6163
110 3817
3408 7077
4198 6597
1991 4961
1559 2224
2016 4291
1611 4778
1081 1405
1774 3349
2560 2958
4562 7362
1649 8177
3868 7219
6066 7686
3070 3594
1816 7454
1217 7523
5625 5639
475 7018
5842 8174
5400 6554
6821 7642
1181 6874
1788 4552
2845 7090
3518 8097
1039 7937
6654 7343
6319 7623
3059 4289
2419 2631
3840 6201
1632 2849
3261 8094
2248 5105
4170 7465
703 4158
2812 5867
2687 2912
2442 3054
401 7752
957 2879
978 7963
4192 7528
5548 5865
327 4598
4281 8137
3145 4235
4445 5226
6332 7792
3168 7646
3790 5573
4572 5086
6612 8112
3165 7175
2424 3870
2880 4159
4273 4947
5307 6372
3193 4499
4436 6720
4390 5662
807 4899
2521 3289
993 1560
2150 3965
3355 4288
256 6058
108 8008
3860 6513
3545 7060
1106 5750
2272 3968
4631 6811
1775 3749
4328 6583
4429 4609
3519 5106
1390 2217
168 2908
3280 5201
1702 2911
4315 6771
1465 3182
2222 4508
1529 3407
667 7736
3186 7556
6282 6747
2426 2985
1953 4845
1446 3544
3644 3732
701 2637
5257 6571
2707 4832
5308 7691
1316 2788
219 7973
362 6221
7562 8069
1549 5740
4240 6176
1796 2086
1014 1519
4388 6420
1160 5216
3405 6512
1981 3796
2612 4341
3387 7759
2203 5081
5389 5903
3181 3264
7698 8080
5815 8059
625 1417
2451 5810
2075 7619
7683 8054
306 6243
4127 4886
1878 2796
5262 5443
1680 5346
5090 6847
4785 8166
3930 4854
2405 2473
57 5530
1412 3424
830 7725
600 7517
1952 4339
5237 6413
296 844
3966 4462
6205 7793
592 7926
317 471
1965 5755
1666 2308
886 3784
2418 3937
5536 8014
1569 2517
339 5117
3686 7284
2909 6917
1620 2801
4846 6391
1136 7609
2140 5937
459 2582
1599 2584
4662 7565
4287 4353
2032 6287
2311 4793
344 7317
2449 7887
6997 7716
3141 5858
1692 4276
4639 7516
4381 8126
2786 3017
1949 2207
1998 7864
2946 5399
2502 7558
6404 7404
2302 7462
22 3599
4543 5771
2916 4437
1728 2943
2957 5207
1148 5265
4401 6250
468 5753
1211 4942
671 6812
619 5658
2492 6333
4860 7533
1603 6148
2110 6271
2659 4776
533 1322
181 6079
1673 2096
1337 4975
4494 8118
2952 6895
6966 6987
2470 7940
1199 6133
5416 7931
3416 6684
3364 5043
2698 5956
4155 5510
1784 3427
1958 2825
2073 2918
1916 2174
214 6419
1420 8073
3773 7681
2098 3335
4457 7081
2100 7150
2525 8032
2446 4558
805 5130
2508 4825
4368 7877
2881 4768
685 4987
3231 8149
3270 6057
927 1562
785 6770
3551 5067
3616 6279
1418 3180
96 6195
3101 4138
4011 7153
1679 7203
2053 4241
178 1001
2995 4995
2429 5176
834 6537
3787 5153
3125 7376
4767 6077
907 5018
3662 4166
633 6142
4219 4737
3389 7381
1032 2440
945 8188
1206 4838
3566 5553
1029 1103
4540 7384
4393 5571
225 3628
1286 7433
4959 7543
2945 7764
4294 7743
5862 7143
4740 6502
876 2609
11 6262
244 1935
2404 3457
2254 5688
205 1036
1361 6532
1281 1928
2142 4172
1073 2870
3373 7574
5342 5671
6109 7031
5975 7503
531 5371
6930 7515
3047 6309
1083 2379
5642 6518
3232 6452
1149 8085
1896 2672
5202 5790
391 6121
4614 7730
7086 7133
6362 7275
4763 5589
2967 3315
4224 7695
1668 2920
1333 8163
4496 5137
2724 4232
435 6878
4588 7816
2644 3296
1817 2102
674 2318
1779 7957
1013 4810
322 4780
5134 6592
3786 3940
6173 7659
3952 6510
109 739
26 2068
5695 7658
5374 6329
4261 4306
5884 7424
5447 6775
4148 7856
6080 8186
4317 6126
1319 5699
2937 5282
4807 5793
512 3601
507 4619
331 5560
3472 4901
3197 4407
2930 6495
572 5316
3847 7837
2758 5853
6059 6441
1178 1641
4989 7878
2051 7939
3222 5273
3032 4526
752 5152
126 6496
2683 5113
1652 4911
2437 7380
2427 6476
3053 5732
4257 5919
1170 3423
4125 4470
7369 7894
4739 8061
4933 5486
4028 5769
3546 6084
4258 4690
3739 4179
3249 4400
1115 3681
1833 4379
5572 8129
3503 3521
3707 3961
4100 6422
3318 3900
3802 5786
246 7468
2597 8022
2199 3305
737 4725
5963 7125
1942 6817
3221 7636
3925 7459
1515 3619
1572 2408
131 6410
941 1977
1776 2652
679 6873
4752 6883
4425 7463
2933 5035
4213 5914
4913 5340
2034 6825
576 1919
146 3593
680 4454
4101 6294
4509 5498
1005 2310
879 3357
402 2191
1661 5206
1801 2132
3123 6753
4937 5717
5235 7753
2947 5704
4891 4984
55 6919
1258 6351
1104 3322
3915 5306
2936 4472
3902 4873
5691 5823
1341 3378
1144 3414
5470 8082
782 3158
2871 4474
2973 6019
2149 2496
544 3754
3049 4682
4442 6822
2885 4033
3217 6047
278 1729
3532 4590
6249 6758
5917 7570
431 8142
534 4766
2260 4295
847 5710
1434 2468
6642 7326
1049 4386
4047 7029
608 2981
3271 4661
955 4883
2527 3526
5541 8185
791 2643
2624 4350
5929 6462
2906 5182
5156 6833
2589 3166
2155 3199
2490 7965
144 3648
249 2210
2176 5083
1762 6179
3277 3438
154 3614
351 3480
3179 4003
6347 7228
1130 6818
2023 6648
5635 7059
174 6778
2346 6646
5387 7409
3950 4958
947 2852
4409 5739
939 3412
1311 2858
3677 4119
2816 7616
495 3750
3489 4333
825 2172
2114 4717
1151 7193
271 1521
2729 7128
2219 2741
911 4699
1008 5873
6570 6942
4186 7293
1732 7526
5118 7832
4218 6586
1793 3056
878 4292
5690 6147
3696 6999
2622 7445
2537 5419
1116 8109
2655 3030
692 5092
5476 6185
4633 6352
4178 8150
2532 4054
4084 7782
3150 7246
1323 3133
1713 2216
1452 1461
846 2037
717 7385
3913 5598
889 6733
1288 7365
883 7851
616 4820
2639 3751
1811 5716
4212 5764
3067 5232
1893 8089
1786 2980
1264 1536
4141 7398
3326 7732
2252 6137
1917 2178
3834 4685
1423 1588
176 3137
2578 7057
1278 1334
1009 3279
1563 3290
2859 5621
5673 6713
2341 5006
5381 7268
3345 7055
1727 7960
1748 7555
6143 6190
21 5757
4647 6815
1759 1829
2623 8190
2669 2728
3828 7321
6976 7592
145 2759
4360 7051
4332 4515
4422 5091
4981 7772
107 2972
2462 4040
190 6792
99 1482
3343 7259
5267 5787
3381 6515
4447 5799
642 3144
5268 6536
2865 7434
1739 6709
3947 5812
2373 4375
5360 5994
1645 7733
3520 3768
5446 5637
1442 1908
7548 8171
5192 6416
2915 3668
2139 2479
1690 4024
4443 7955
2950 4225
1553 6875
1453 7904
3282 5012
149 1384
728 3735
3588 7706
3214 4841
778 1301
5320 7071
240 1231
3422 5719
5066 6387
1458 8148
1387 5261
1100 2705
649 3034
7612 8153
3722 6764
377 2074
1406 5292
2983 2996
5895 6703
5210 6245
2221 3679
2343 4009
4262 5951
6454 7216
1455 5751
1637 3776
5562 7372
2835 6492
5948 6838
379 1743
3510 3999
707 3196
2509 5972
4745 5600
239 5825
5033 6025
930 3240
1879 1996
1043 6601
2161 5933
4970 6907
363 7723
395 2685
4953 5278
7739 7754
2195 6463
1523 7798
597 7457
841 5864
1768 7780
926 1472
1734 7595
743 7160
3549 6884
2932 4800
6116 8167
1117 6588
3564 5028
1517 8024
4173 5063
3995 5023
3873 4721
88 2965
1044 7091
1108 5432
3220 5019
2647 5250
560 5065
3094 3779
3062 7005
1335 7840
6359 7841
6 394
3792 7432
1834 5395
4787 4826
4314 6018
4663 5022
2491 7862
3160 5008
3298 7305
3807 6969
3948 6050
2866 3929
3128 7110
7092 7370
1195 5667
4301 6896
1296 2257
3021 6340
1132 1862
1411 5850
4338 6855
1475 7773
751 1864
1912 2027
160 3139
629 6681
449 2955
1719 5918
2661 5215
2313 7703
1153 2935
4830 7116
5051 5523
6820 7510
931 1152
4700 6008
1621 4524
7418 8115
4120 5752
5822 5990
2925 6024
5641 6784
996 5241
1735 6469
5111 6890
1159 2122
5441 7257
198 567
2394 4426
4197 4327
208 7298
6849 7405
1839 7012
44 640
75 3596
2143 7474
1790 5422
2118 3511
4108 5465
1046 2076
64 3441
506 6407
2004 3467
2704 2961
2602 5378
5577 7178
33 3721
5610 6982
1818 4403
1915 6312
6710 7942
5749 7827
672 6281
643 4701
4216 5459
4570 7139
1848 4783
4613 7774
2558 2738
2017 5706
2356 5213
4106 6353
2327 6957
2444 5054
4366 7728
920 5296
3622 6626
1267 6607
5640 7814
4329 8011
2028 4270
1162 4847
2810 4664
3398 5780
1210 8187
15 857
1789 2184
5354 6981
1814 2342
2615 7580
1749 6478
1119 7118
5410 5718
2605 7746
2165 3858
4974 7857
6434 7734
697 5613
3605 5127
7561 7900
224 7470
4488 5193
4239 5312
1080 6965
474 4656
6754 8169
4092 7791
1975 6304
92 6831
5630 5817
1146 7075
2899 3102
872 6715
1467 5095
4892 6619
1354 4574
5053 5479
1285 7594
3956 6508
4677 6371
5856 7058
2926 5944
3449 7632
3946 7252
2128 5452
7420 8135
202 7941
1828 8130
4438 7769
4168 4247
4534 7700
4370 5913
2065 6762
4017 6432
1098 1635
3673 5020
2488 3528
5661 6887
6364 6658
1982 3924
2723 3709
3252 6755
4940 7552
7089 7174
122 5037
1602 3475
6565 6866
274 5055
3215 7122
1717 5377
4730 7007
4859 6696
722 3539
5015 6563
4599 7098
272 5506
72 6456
6358 6823
3586 5270
7901 7951
3100 5685
4098 6458
7161 7981
3428 6614
3321 4710
913 5871
2425 7073
3561 5826
1355 4797
2986 5359
3462 5328
6042 7377
2580 4062
4692 6798
6252 6273
1289 4530
3495 6872
334 6272
3266 3486
135 3785
2099 7200
7639 7933
4693 6086
136 3916
1456 2166
378 2082
1780 4789
505 5442
4775 4821
3525 6649
768 7250
235 6540
2338 3375
3189 6453
4397 6266
1317 2821
29 6718
6564 6960
2484 6736
532 4061
3755 5839
6618 6701
3048 7613
5722 7297
1350 3314
4313 6790
3051 5077
207 1948
4602 5451
193 589
46 2790
594 4351
4875 5007
1345 7399
4507 7450
2706 8125
269 4528
3684 4868
1268 6992
3383 7124
2576 5455
3720 6805
5407 5585
695 7236
6015 6320
284 1571
5938 6697
2223 5230
410 477
1539 8121
2767 5396
1648 4750
653 3096
3529 3850
3352 3943
1837 7787
583 7679
5061 6228
3590 4484
5425 7264
4863 5167
2315 3949
547 4915
1753 1994
1591 4234
4555 8033
5664 7891
1927 6236
4153 5521
2533 2588
1744 2556
132 8111
3234 4440
2994 3938
399 5788
3491 6633
4124 6384
4076 5169
3887 7249
4402 4977
3097 8041
5831 8128
2443 4432
1346 3211
3146 7233
115 4233
1133 6616
1984 3907
4576 4734
1398 3079
848 2412
80 3461
1865 5362
1275 2700
974 6484
2115 3371
6375 6826
2331 5848
3783 7415
3473 7581
4844 7707
4531 7674
2547 4575
2688 4283
2541 4880
2069 4444
1432 5650
1651 7039
4670 6871
1196 5198
963 6299
836 4779
793 7489
698 5148
1369 4427
3674 6366
4458 6481
3876 6700
3376 5256
3174 5126
2154 4278
6263 7641
1646 4256
1831 6669
4364 5157
2979 6663
3748 4184
549 3052
3437 4905
7151 7443
442 7843
2938 3312
1926 7797
3275 6150
1031 1224
3066 3542
2803 7677
555 6268
7019 7604
7495 7975
1037 2743
2737 5290
7165 8139
3036 7099
158 4304
2862 6485
960 4774
2832 4728
1941 6680
4672 6106
3306 4969
3474 4991
7349 7805
802 1561
1664 7829
5427 6439
2968 7289
4266 4547
5777 7635
1351 7367
5756 6759
2603 6040
998 4809
3310 3494
2258 6068
3976 5767
4050 6675
862 5309
429 562
789 1844
5325 7518
280 3592
3671 5351
1531 2697
1379 6438
4595 4650
2799 4689
4467 6153
4765 7282
5876 6970
2814 5877
5274 7924
2104 5525
867 1856
2411 2963
1143 7126
1188 7482
2366 4885
3132 7357
645 7296
134 3740
2784 7591
4756 6073
2557 4325
7527 7992
2279 7650
2800 6643
863 6482
2295 6524
1770 7697
3533 4083
6237 7244
1324 4359
3333 4376
684 904
1551 5997
1904 5339
273 1850
4204 4518
2989 6310
3658 7196
970 4629
687 6573
2218 4960
4175 5220
4660 7137
662 2465
2998 7948
117 5014
7063 7668
215 6315
5352 6869
5604 8015
7350 7546
4996 6189
5468 7391
1459 7266
935 3856
4042 5050
380 3302
1305 2869
4952 7655
3687 3703
1938 5189
2055 7283
3388 6968
833 5547
5792 7411
2883 6629
4551 4848
212 6692
6448 6748
4114 6704
123 6931
5968 7652
1832 2931
1135 6002
213 3553
6776 6797
1114 5252
2324 7237
740 5332
105 2403
4916 8017
1183 7998
4356 5299
1261 2902
3037 5926
1127 3307
2402 6705
368 3958
546 5370
5010 6433
3188 7925
5047 7628
986 4709
1197 6806
384 2774
574 3210
1377 2956
2152 6854
2084 4460
691 3832
3431 6682
7718 7813
4824 5141
2097 3649
3892 7410
1397 4221
819 2277
3460 6717
5038 7083
3910 5809
2548 5566
2188 3500
2506 8077
570 6064
89 6998
3419 6169
3283 5435
4275 7648
938 3654
3040 6308
4585 6678
914 2599
3445 6535
3810 3908
2553 5904
5024 5698
2001 3634
1214 3548
1070 3905
2648 3089
4073 7078
398 6326
1426 6921
2607 5319
4956 5109
2008 4812
293 1669
5680 6224
4517 6929
4007 4354
71 3625
2752 3208
1956 5556
912 4038
2820 2830
749 7727
4557 7466
353 882
1166 6807
5097 7722
3516 6951
2368 3643
5857 6995
3342 4569
450 3007
1404 4137
366 2196
6193 7532
49 6023
1570 5494
138 2485
1639 3104
4803 5497
2457 4867
1575 5745
1207 3112
3088 7303
3216 7910
1381 5294
6033 6634
2753 6894
2566 3683
285 6670
4877 6677
523 4941
4715 5748
3170 7919
7217 7439
76 6689
2123 5932
3410 6289
5986 7394
3288 5430
3825 4180
1380 2888
3969 6428
1640 5483
1498 5878
3299 5493
286 2454
5243 8001
6832 6935
1279 1488
3435 4694
418 2587
2677 3798
6225 7435
865 6500
6113 6257
2656 6947
5514 5796
4559 6418
2860 3023
2762 5142
3618 5979
229 5663
1184 3269
140 3082
196 7980
1489 4560
2545 6620
320 5433
2456 7243
1704 5199
1807 4640
2280 3506
537 3505
942 2330
1120 3218
508 4831
6001 6157
139 1882
3702 3879
311 943
860 6851
1440 3804
3111 7934
2291 3826
3447 5205
1079 7807
897 6756
1478 4395
2121 3978
6530 7817
408 8016
2275 6743
3705 5531
3057 5697
2657 2722
1145 5388
4389 7247
2158 2792
254 4228
3272 3975
2641 6112
1557 1628
796 7995
554 2978
4673 5657
6395 7967
1581 5665
813 3434
231 7261
2396 5981
2712 6927
925 2416
529 581
3793 5251
5992 6380
1121 2228
3267 5584
516 6386
195 5353
7416 7599
530 5017
1060 1667
4043 7994
2375 5361
276 452
3637 7498
1598 7551
638 3340
3889 5372
1464 1566
917 1040
1907 4648
3443 6827
355 4855
4471 6206
4132 7487
718 5538
3493 4318
1349 1842
279 1218
6991 7146
2430 2928
7651 8102
6123 6687
2701 6472
3723 7009
1109 4523
1087 5098
1746 4968
708 7269
4405 7572
87 4185
2579 3025
2472 3936
596 1550
2317 7665
3122 7036
2975 8010
1385 7359
2021 3583
1028 1590
4032 5995
177 1601
2036 3531
2376 5599
2893 7270
985 1636
6370 7144
230 7112
3085 5669
3418 7368
4667 8141
4906 7966
2059 4037
310 6049
2406 6650
2083 4521
6233 6435
3502 3888
1110 2646
1587 5039
991 4538
5068 6740
3463 6210
5772 7666
341 7192
1781 3212
4015 7419
4117 6131
4077 5687
1382 4380
460 1799
1328 6231
1389 7400
3819 5843
1227 6393
2271 4982
4749 5957
3512 8056
5959 6936
3219 4914
5490 6284
5076 5775
5029 7907
1803 2775
4653 5431
102 767
5863 6152
3458 3959
3379 5471
349 6087
3126 5318
6912 8124
1256 7033
1671 7172
482 5912
3883 7868
1963 7205
1252 5450
627 4068
755 5187
6865 7480
2873 5140
2033 8078
2868 4476
3327 3898
3718 7232
5678 6777
3788 5868
614 6882
1943 2413
3356 7943
5567 7375
4081 4635
2819 5875
121 2288
1056 2678
2689 3171
2400 7105
290 5264
3 4917
3440 3488
70 1074
360 392
5590 7899
4147 4678
6095 6978
2042 4019
93 157
8134 8182
1874 2281
2262 4305
185 6499
626 1897
2892 6165
2756 4207
4485 5583
2080 7844
4183 6130
5074 7100
4748 5602
6557 8132
5102 6239
4215 6473
5368 6232
663 3630
301 4932
6575 7309
3069 3367
5069 7781
1048 7935
5162 8114
4152 4652
2745 3769
704 2593
436 869
5629 7974
5143 5596
3106 6691
2495 2794
1496 4637
1274 7511
2889 4727
1235 1307
1262 5474
1383 3657
6514 7207
5907 7101
4246 7709
3242 3954
2029 5495
3672 6503
354 2081
2572 7494
3453 7865
345 1076
2900 4675
3433 4226
3706 5285
714 5295
4482 5576
4943 7477
7760 7885
3576 3971
3864 7673
5412 5679
2200 5795
995 1705
1084 7661
2355 4095
551 2392
1871 7902
2634 7373
2481 3613
6581 7775
59 4687
2838 5965
905 2709
5491 8136
1600 8183
2633 5512
3201 7402
1695 4420
2448 6591
3582 8096
2044 5511
3324 4190
1891 2475
3964 4794
318 509
1348 3482
2141 6244
1486 7735
2015 5725
5766 7199
1802 4361
1876 6017
5057 7600
1004 6990
2971 7189
4592 4708
603 6608
4312 5209
896 2146
1273 6032
3256 3661
1419 4589
5911 6328
888 1164
2285 3169
3464 4851
2764 7371
586 1545
6505 7644
3152 6531
2515 3198
5424 6959
4979 6342
1852 4683
2041 2922
840 7271
4568 6357
251 5293
5628 6522
5128 5686
4513 4796
5301 5711
1951 5304
3444 5413
3190 4904
4044 4939
4182 7588
921 5305
2851 3541
4890 5974
969 4146
6577 7789
8019 8107
4094 4680
6939 7072
3621 3640
5183 6898
2163 5337
EOF
